20
4 1.50 9.50 4.33 6.67 2.00 5.50 1.50 5.75
5 9.64 5.64 7.50 3.50 5.00 6.00 4.75 6.75 7.07 9.07
5 9.64 5.64 7.07 9.07 7.19 10.00 13.62 10.00 13.50 9.50
5 13.50 4.70 13.50 9.50 13.62 10.00 16.50 12.30 16.50 3.50
4 11.50 1.00 16.50 1.00 16.50 -1.20 10.03 -1.20
6 8.30 1.30 11.36 4.36 11.50 4.30 11.50 1.00 10.03 -1.20 9.97 -1.20
5 4.50 2.50 5.00 2.67 6.79 2.07 5.15 -1.20 4.50 -1.20
8 3.00 2.50 2.00 3.17 2.00 5.50 4.33 6.67 4.75 6.75 5.00 6.00 5.00 2.67 4.50 2.50
5 2.00 3.17 3.00 2.50 3.00 -1.20 -1.50 -1.20 -1.50 0.83
5 2.00 5.50 2.00 3.17 -1.50 0.83 -1.50 6.50 1.50 5.75
5 7.50 3.50 9.64 5.64 11.36 4.36 8.30 1.30 7.05 2.14
5 9.64 5.64 7.50 3.50 5.00 6.00 4.75 6.75 7.07 9.07
7 7.07 9.07 4.75 6.75 4.33 6.67 1.50 9.50 -0.35 13.20 5.99 13.20 7.19 10.00
5 13.62 10.00 7.19 10.00 5.99 13.20 16.50 13.20 16.50 12.30
5 5.00 2.67 5.00 6.00 7.50 3.50 7.05 2.14 6.79 2.07
5 6.79 2.07 7.05 2.14 8.30 1.30 9.97 -1.20 5.15 -1.20
5 1.50 9.50 1.50 5.75 -1.50 6.50 -1.50 13.20 -0.35 13.20
4 3.00 2.50 4.50 2.50 4.50 -1.20 3.00 -1.20
5 13.50 4.70 11.50 4.30 11.36 4.36 9.64 5.64 13.50 9.50
5 11.50 1.00 11.50 4.30 13.50 4.70 16.50 3.50 16.50 1.00

