19
4 1.50 9.50 4.33 6.67 2.00 5.50 1.50 5.75
5 5.00 6.00 4.75 6.75 7.07 9.07 9.64 5.64 7.50 3.50
5 9.64 5.64 7.07 9.07 7.19 10.00 13.62 10.00 13.50 9.50
5 13.50 4.70 13.50 9.50 13.62 10.00 16.50 12.30 16.50 3.50
4 11.67 1.00 16.50 1.00 16.50 -1.20 10.93 -1.20
5 8.21 1.36 11.07 2.79 11.67 1.00 10.93 -1.20 9.07 -1.20
5 4.50 2.50 5.00 2.67 6.79 2.07 5.15 -1.20 4.50 -1.20
8 3.00 2.50 2.00 3.17 2.00 5.50 4.33 6.67 4.75 6.75 5.00 6.00 5.00 2.67 4.50 2.50
5 2.00 3.17 3.00 2.50 3.00 -1.20 -1.50 -1.20 -1.50 0.83
5 2.00 5.50 2.00 3.17 -1.50 0.83 -1.50 6.50 1.50 5.75
6 7.50 3.50 9.64 5.64 11.45 4.29 11.07 2.79 8.21 1.36 7.05 2.14
7 7.07 9.07 4.75 6.75 4.33 6.67 1.50 9.50 -0.35 13.20 5.99 13.20 7.19 10.00
5 13.62 10.00 7.19 10.00 5.99 13.20 16.50 13.20 16.50 12.30
5 5.00 2.67 5.00 6.00 7.50 3.50 7.05 2.14 6.79 2.07
5 6.79 2.07 7.05 2.14 8.21 1.36 9.07 -1.20 5.15 -1.20
5 1.50 9.50 1.50 5.75 -1.50 6.50 -1.50 13.20 -0.35 13.20
4 3.00 2.50 4.50 2.50 4.50 -1.20 3.00 -1.20
4 9.64 5.64 13.50 9.50 13.50 4.70 11.45 4.29
6 11.67 1.00 11.07 2.79 11.45 4.29 13.50 4.70 16.50 3.50 16.50 1.00
