500
6 944.39 727.34 899.63 698.15 864.72 724.34 864.33 728.43 870.33 739.67 884.05 753.64
5 284.58 868.82 274.66 881.90 283.41 920.26 334.78 890.91 331.49 885.98
5 68.03 815.54 66.46 813.19 49.50 825.44 49.50 851.19 72.33 842.41
6 246.21 517.96 253.80 518.67 272.01 505.52 257.60 440.70 234.00 443.78 217.34 507.13
5 215.39 644.40 162.31 597.96 155.41 646.79 181.39 666.03 213.44 656.87
4 140.22 863.92 162.12 836.80 114.47 815.96 101.22 846.44
6 592.42 239.61 570.25 270.65 585.93 293.81 602.02 291.47 607.82 282.76 603.26 250.85
7 100.54 44.79 100.55 44.64 80.34 39.59 62.23 45.16 59.36 49.46 72.28 73.87 97.02 51.19
6 532.29 320.31 525.01 316.49 492.75 375.62 501.75 383.92 529.53 381.33 530.57 375.26
7 499.14 202.71 477.54 162.05 449.23 180.24 453.77 222.00 483.16 242.11 491.22 241.11 499.74 205.72
9 403.17 356.33 398.29 337.13 357.51 287.29 323.49 301.46 312.33 328.62 313.31 330.41 322.06 339.72 388.82 370.31 389.44 370.23
5 666.00 399.92 651.18 411.71 672.24 440.20 703.06 427.87 689.12 400.76
5 7.65 233.62 31.28 271.15 77.58 245.96 78.60 228.97 62.72 214.19
4 584.20 673.51 572.82 656.97 534.29 647.69 543.41 716.07
6 265.56 756.71 245.71 709.99 243.53 709.73 199.73 746.23 239.50 783.22 264.18 760.79
5 454.73 745.76 445.72 761.86 453.40 770.36 543.67 776.38 478.90 727.80
7 369.63 946.67 381.45 959.07 425.32 964.74 428.53 964.09 433.27 945.59 409.91 917.38 370.00 943.04
6 578.41 364.98 555.53 403.12 556.77 409.88 605.84 440.87 623.70 418.38 613.71 375.06
5 251.30 295.25 205.68 256.15 178.69 257.95 204.33 286.17 250.37 306.18
7 43.56 198.45 36.27 200.21 -1.71 227.84 7.65 233.62 62.72 214.19 62.34 213.62 44.10 198.56
5 573.08 79.91 564.62 47.63 503.00 73.00 515.03 109.10 574.27 93.65
9 762.74 414.79 746.39 463.82 746.65 464.47 749.42 466.87 753.33 469.34 768.07 471.31 793.60 398.37 793.48 397.89 789.68 395.46
6 645.06 506.36 676.90 472.07 674.28 469.86 606.30 456.91 597.06 479.66 611.60 491.49
5 958.00 59.52 970.46 85.18 1015.90 97.21 1015.90 -17.92 970.90 -17.92
6 742.57 523.15 774.00 509.09 775.64 505.31 779.29 478.99 768.07 471.31 753.33 469.34
5 452.44 -13.48 452.93 -17.92 397.93 -17.92 395.72 15.17 418.81 33.01
4 18.72 671.53 -14.91 647.71 -18.90 646.44 -18.90 717.84
6 524.29 315.80 493.25 319.55 462.28 354.09 490.07 374.93 492.75 375.62 525.01 316.49
4 632.37 178.79 647.50 217.19 679.81 192.34 656.48 167.20
6 404.72 461.58 437.06 479.86 450.88 460.86 440.95 449.12 408.21 444.85 405.42 451.36
7 611.81 173.63 579.47 191.53 578.98 208.72 580.38 215.42 586.17 223.09 618.02 221.86 625.35 177.93
6 666.00 399.92 661.84 371.48 619.71 367.05 613.71 375.06 623.70 418.38 651.18 411.71
7 208.72 925.60 209.17 926.10 218.41 931.77 256.70 883.40 206.98 860.36 203.98 871.04 203.40 899.50
5 222.51 937.67 194.59 1017.92 261.32 1017.92 276.55 966.43 273.17 951.41
6 818.98 902.51 790.96 914.30 791.18 917.02 816.83 955.50 821.82 955.50 832.92 933.67
5 419.29 694.34 442.78 761.45 445.72 761.86 454.73 745.76 449.28 655.79
7 961.67 303.31 970.21 242.29 927.90 232.95 925.95 233.95 924.83 234.77 919.16 241.22 939.46 294.00
5 86.94 980.72 68.95 940.59 61.05 943.28 55.31 1017.92 56.72 1017.92
6 246.90 585.83 250.50 583.50 278.26 555.74 253.80 518.67 246.21 517.96 234.65 568.82
8 413.03 516.01 377.53 494.00 362.68 494.00 350.97 500.97 339.22 521.46 338.49 553.37 351.22 563.00 368.97 563.00
5 890.69 657.31 851.35 696.65 864.72 724.34 899.63 698.15 903.41 685.93
3 140.46 190.15 130.08 164.20 107.04 179.01
4 586.68 225.42 557.86 263.86 570.25 270.65 592.42 239.61
6 543.41 716.07 534.29 647.69 534.25 647.66 473.40 641.25 500.96 707.17 539.94 725.93
7 213.44 656.87 181.39 666.03 184.57 679.80 200.20 697.75 211.30 697.10 222.67 663.00 217.23 658.92
5 793.60 398.37 768.07 471.31 779.29 478.99 799.56 474.28 793.75 398.69
5 262.54 385.72 269.41 428.10 291.82 424.36 305.59 395.91 274.05 382.77
5 316.55 473.04 325.75 475.75 331.67 434.33 308.67 436.10 306.58 445.14
9 112.59 407.05 110.51 408.41 105.30 444.90 118.07 469.54 157.06 453.73 159.11 445.04 158.38 434.50 150.74 403.97 145.70 400.77
5 31.27 640.78 27.00 627.44 -18.90 633.17 -18.90 646.44 -14.91 647.71
6 989.66 492.01 1015.90 491.20 1015.90 403.60 1000.53 400.47 961.50 405.46 961.50 459.28
9 832.44 177.66 850.92 129.97 848.38 125.50 842.66 121.30 764.02 112.56 760.09 121.64 790.25 166.88 814.78 180.31 829.80 179.54
6 354.61 791.20 336.51 783.58 315.10 797.65 325.87 820.61 339.09 817.13 355.63 796.46
7 253.55 703.68 298.31 724.34 330.72 694.63 334.01 678.73 305.00 655.00 295.48 650.51 287.54 656.34
4 203.40 899.50 203.98 871.04 172.88 887.63 173.95 899.50
5 571.58 538.27 566.90 528.51 491.65 581.81 540.94 588.85 571.99 565.81
6 884.05 753.64 870.33 739.67 832.25 777.75 829.79 783.24 863.76 787.24 886.63 764.37
5 847.81 650.90 844.87 580.36 828.50 573.22 818.50 597.99 841.69 655.97
6 492.75 375.62 490.07 374.93 462.89 402.11 462.73 407.56 499.78 399.33 501.75 383.92
6 685.38 818.09 666.78 825.24 659.95 841.70 683.85 864.97 694.25 850.74 689.84 819.91
7 135.42 138.40 146.79 134.11 149.15 130.55 149.57 126.26 124.05 92.23 109.32 126.58 127.19 137.50
7 640.59 238.97 647.30 251.81 678.22 261.16 695.74 233.91 657.64 221.21 647.50 219.89 640.45 232.15
7 455.73 998.37 454.58 995.53 428.53 964.09 425.32 964.74 407.50 988.50 422.21 1017.92 455.21 1017.92
5 -18.90 717.84 -18.90 725.00 30.19 725.00 51.45 672.42 18.72 671.53
4 905.10 433.84 906.73 463.18 946.92 450.62 923.63 420.67
6 970.21 242.29 1015.90 224.34 1015.90 199.64 935.74 172.15 928.48 199.65 927.90 232.95
8 729.18 187.37 693.78 190.09 686.51 195.43 688.19 202.89 698.95 231.34 728.40 231.84 733.83 226.18 736.26 193.87
8 614.36 616.67 632.79 620.36 661.55 578.97 664.27 567.83 663.01 565.19 641.15 558.27 587.01 586.94 590.10 598.05
4 300.16 95.66 248.05 62.84 228.53 95.17 302.76 112.85
7 473.40 641.25 468.55 638.17 451.06 651.04 449.28 655.79 454.73 745.76 478.90 727.80 500.96 707.17
7 641.69 126.13 607.31 140.87 611.81 173.63 625.35 177.93 632.37 178.79 656.48 167.20 662.11 155.73
5 799.56 474.28 812.98 479.05 824.21 477.97 834.74 451.65 793.75 398.69
6 334.01 678.73 342.14 677.21 378.82 648.82 376.99 618.31 355.74 592.98 305.00 655.00
6 833.35 190.74 866.25 233.04 886.06 216.53 856.57 181.68 832.44 177.66 829.80 179.54
7 56.05 120.13 53.82 119.28 -18.90 159.27 -18.90 168.21 12.53 170.69 47.96 144.58 56.66 127.18
4 72.96 937.61 151.95 1008.71 150.41 977.51 134.75 925.04
6 662.50 305.08 660.47 313.34 683.39 330.07 713.14 302.30 710.85 288.19 683.36 278.84
7 96.84 535.21 111.58 515.56 108.13 491.94 106.79 490.15 91.52 488.83 72.19 518.39 90.76 534.03
6 674.53 987.76 643.89 950.32 616.51 973.59 611.39 981.38 614.60 1017.92 670.76 1017.92
9 818.96 737.88 864.33 728.43 864.72 724.34 851.35 696.65 825.27 672.89 797.87 670.43 776.66 688.99 791.07 732.84 808.03 737.46
5 475.87 42.10 462.02 52.13 465.67 81.38 484.28 86.34 500.38 73.00
8 -18.90 53.19 -18.90 69.21 53.82 119.28 56.05 120.13 69.28 111.19 75.68 99.32 72.28 73.87 59.36 49.46
8 517.69 258.07 508.31 249.66 491.22 241.11 483.16 242.11 451.48 282.50 452.59 291.59 493.25 319.55 524.29 315.80
5 546.43 179.03 526.63 158.03 499.14 202.71 499.74 205.72 536.00 190.89
8 545.41 857.86 488.10 876.97 490.27 909.83 491.71 913.02 495.19 915.46 552.18 917.03 563.91 907.37 569.72 872.00
6 321.62 145.91 317.19 148.63 342.19 183.35 400.21 178.97 403.46 147.13 382.17 128.42
5 681.68 984.51 740.88 987.80 742.93 961.93 714.58 915.72 707.19 914.36
5 499.74 205.72 491.22 241.11 508.31 249.66 536.00 216.78 536.00 190.89
7 295.48 650.51 294.23 647.95 259.10 625.42 217.23 658.92 222.67 663.00 228.61 665.55 287.54 656.34
8 232.23 808.99 236.48 805.90 239.50 783.22 199.73 746.23 190.51 743.47 174.10 746.35 169.14 750.00 170.21 775.16
6 72.96 937.61 72.43 937.63 68.95 940.59 86.94 980.72 152.72 1013.61 151.95 1008.71
5 270.88 752.99 265.56 756.71 264.18 760.79 298.37 780.02 315.70 757.97
4 775.64 505.31 774.00 509.09 813.62 545.11 805.12 502.62
6 567.31 17.53 569.24 23.77 628.35 34.52 664.26 7.32 666.09 -17.92 564.29 -17.92
4 47.96 144.58 12.53 170.69 43.56 198.45 44.10 198.56
6 845.86 403.15 862.12 393.25 879.39 369.35 877.63 358.08 852.39 354.92 816.31 393.50
4 225.29 182.86 211.00 140.00 181.36 177.04 206.19 196.03
7 131.82 891.58 83.85 879.59 69.69 889.14 72.43 937.63 72.96 937.61 134.75 925.04 135.06 924.43
4 -18.90 197.14 -18.90 222.87 -1.71 227.84 36.27 200.21
5 929.34 152.33 935.74 172.15 1015.90 199.64 1015.90 127.20 929.70 149.69
5 67.92 798.38 69.26 769.57 51.64 748.93 11.03 797.67 65.91 801.33
3 354.32 89.64 330.79 132.42 378.63 92.56
7 498.59 453.59 450.88 460.86 437.06 479.86 436.16 521.34 459.97 544.04 515.30 487.79 503.05 454.90
5 913.10 49.15 913.23 49.35 958.00 59.52 970.90 -17.92 970.01 -17.92
6 572.82 656.97 576.16 651.40 573.44 610.55 550.94 615.20 534.25 647.66 534.29 647.69
6 760.09 121.64 764.02 112.56 778.55 66.74 737.91 34.23 706.19 47.93 722.36 128.80
6 709.96 638.35 737.00 608.60 737.00 574.55 664.27 567.83 661.55 578.97 690.61 618.20
6 890.93 644.91 847.81 650.90 841.69 655.97 825.27 672.89 851.35 696.65 890.69 657.31
6 543.67 776.38 453.40 770.36 459.47 840.14 474.35 848.75 531.36 807.29 546.65 776.70
7 344.55 62.23 340.89 57.96 306.74 76.69 300.16 95.66 302.76 112.85 304.08 115.87 347.05 77.68
7 334.78 890.91 283.41 920.26 284.70 933.40 302.37 932.27 329.00 919.39 348.10 908.91 347.96 905.52
6 130.08 164.20 135.42 138.40 127.19 137.50 95.58 164.12 102.29 179.93 107.04 179.01
5 425.83 762.55 442.78 761.45 419.29 694.34 390.69 707.42 399.18 744.79
5 441.66 432.72 440.95 449.12 450.88 460.86 498.59 453.59 472.57 427.57
8 578.00 769.50 582.73 767.09 600.55 680.52 584.20 673.51 543.41 716.07 539.94 725.93 558.83 769.12 560.60 769.37
6 348.10 908.91 329.00 919.39 329.00 952.25 344.95 966.21 369.63 946.67 370.00 943.04
6 434.13 105.74 441.68 88.23 433.79 56.68 431.18 54.65 429.50 56.50 408.72 98.06
6 249.13 47.65 286.72 32.61 301.28 -17.92 219.08 -17.92 219.68 -12.13 243.90 42.63
7 -9.63 808.19 11.03 797.67 51.64 748.93 50.97 744.15 30.19 725.00 -18.90 725.00 -18.90 806.82
5 200.20 697.75 184.57 679.80 163.29 709.59 174.10 746.35 190.51 743.47
5 88.57 821.96 68.03 815.54 72.33 842.41 89.15 850.83 92.67 848.63
6 419.63 352.01 452.59 291.59 451.48 282.50 403.92 267.63 398.29 337.13 403.17 356.33
7 344.95 966.21 336.32 980.23 340.65 1017.92 376.57 1017.92 386.79 981.60 381.45 959.07 369.63 946.67
6 563.91 907.37 552.18 917.03 562.25 965.58 611.39 981.38 616.51 973.59 583.79 913.61
4 573.44 610.55 576.16 651.40 614.36 616.67 590.10 598.05
6 650.85 347.39 663.82 365.55 692.52 347.09 683.39 330.07 660.47 313.34 655.46 316.29
4 870.33 739.67 864.33 728.43 818.96 737.88 832.25 777.75
5 928.48 199.65 935.74 172.15 929.34 152.33 871.75 181.13 875.28 183.28
5 650.85 347.39 655.46 316.29 622.72 318.38 617.14 332.15 622.52 356.34
6 118.07 469.54 106.79 490.15 108.13 491.94 155.42 501.73 171.44 490.01 157.06 453.73
7 849.80 581.26 844.87 580.36 847.81 650.90 890.93 644.91 915.04 607.11 909.79 598.94 905.42 597.25
4 705.01 133.97 693.78 190.09 729.18 187.37 713.77 133.45
8 392.03 93.90 392.10 93.90 429.50 56.50 431.18 54.65 418.17 36.44 391.63 50.34 385.07 68.71 390.09 91.82
8 305.00 655.00 355.74 592.98 351.22 563.00 338.49 553.37 308.86 567.77 299.83 599.94 294.23 647.95 295.48 650.51
5 105.30 444.90 59.13 464.34 91.52 488.83 106.79 490.15 118.07 469.54
5 530.94 989.94 562.25 965.58 552.18 917.03 495.19 915.46 504.10 961.60
5 314.34 224.98 315.02 224.12 266.68 202.64 265.27 206.31 278.53 239.90
3 886.11 532.86 849.80 581.26 905.42 597.25
6 618.02 221.86 640.45 232.15 647.50 219.89 647.50 217.19 632.37 178.79 625.35 177.93
6 366.41 783.59 369.02 750.99 338.50 771.33 335.97 776.60 336.51 783.58 354.61 791.20
4 41.36 869.64 41.00 860.02 4.98 825.29 8.47 867.11
9 248.05 62.84 249.13 47.65 243.90 42.63 201.72 48.88 193.54 53.55 188.00 73.70 188.30 74.06 226.27 97.22 228.53 95.17
4 147.29 337.00 204.00 337.00 196.38 317.96 162.02 276.73
7 95.58 164.12 75.89 153.97 62.34 213.62 62.72 214.19 78.60 228.97 89.20 221.35 102.29 179.93
4 405.42 451.36 408.21 444.85 404.92 415.24 369.65 446.59
6 153.19 25.52 147.20 64.88 157.51 72.37 188.00 73.70 193.54 53.55 180.56 35.23
6 425.83 762.55 399.18 744.79 369.35 750.21 369.02 750.99 366.41 783.59 401.35 789.61
9 382.17 128.42 403.46 147.13 420.03 138.40 436.04 122.91 437.61 114.00 434.13 105.74 408.72 98.06 392.10 93.90 392.03 93.90
4 695.80 348.60 709.50 376.00 747.98 350.98 727.59 330.59
5 27.00 627.44 27.00 588.94 23.25 582.77 -18.90 552.94 -18.90 633.17
4 180.56 35.23 193.54 53.55 201.72 48.88 204.73 12.79
7 127.19 137.50 109.32 126.58 69.28 111.19 56.05 120.13 56.66 127.18 75.89 153.97 95.58 164.12
6 390.09 91.82 385.07 68.71 344.55 62.23 347.05 77.68 354.32 89.64 378.63 92.56
8 901.75 308.00 905.21 321.82 936.27 332.69 936.47 332.73 963.62 308.44 961.67 303.31 939.46 294.00 904.67 294.00
7 461.13 579.40 465.35 586.19 491.65 581.81 566.90 528.51 563.58 504.56 515.30 487.79 459.97 544.04
4 88.33 360.68 70.24 360.21 46.59 381.00 98.11 381.00
5 890.35 397.51 928.32 405.77 935.38 397.12 933.79 382.59 886.88 379.46
5 831.73 249.06 868.15 266.64 879.34 260.95 866.25 233.04 833.35 190.74
8 342.19 183.35 317.19 148.63 312.82 147.23 282.31 160.86 268.46 184.05 266.68 202.64 315.02 224.12 342.57 212.64
8 856.57 181.68 871.75 181.13 929.34 152.33 929.70 149.69 913.35 117.47 893.95 115.17 850.92 129.97 832.44 177.66
6 259.10 625.42 238.87 609.40 233.17 610.20 215.39 644.40 213.44 656.87 217.23 658.92
5 732.03 422.06 713.77 437.28 713.87 439.10 746.39 463.82 762.74 414.79
7 86.26 257.71 77.58 245.96 31.28 271.15 12.50 298.38 14.84 301.00 80.83 301.00 86.54 258.16
7 619.71 367.05 622.52 356.34 617.14 332.15 571.57 343.08 573.13 349.72 578.41 364.98 613.71 375.06
5 188.30 74.06 177.48 104.72 218.95 127.05 221.67 125.19 226.27 97.22
7 278.26 555.74 308.86 567.77 338.49 553.37 339.22 521.46 279.92 502.66 272.01 505.52 253.80 518.67
5 305.59 395.91 307.45 394.91 322.06 339.72 313.31 330.41 274.05 382.77
6 451.06 651.04 378.82 648.82 342.14 677.21 390.69 707.42 419.29 694.34 449.28 655.79
7 284.70 933.40 273.17 951.41 276.55 966.43 336.32 980.23 344.95 966.21 329.00 952.25 302.37 932.27
6 634.64 554.04 641.15 558.27 663.01 565.19 669.04 537.64 645.06 506.36 611.60 491.49
6 743.84 1017.92 780.25 1017.92 816.64 955.55 757.74 958.82 742.93 961.93 740.88 987.80
5 868.15 266.64 831.73 249.06 821.91 256.26 814.29 279.14 845.61 301.26
5 571.82 870.36 586.57 864.04 608.45 830.39 578.00 769.50 560.60 769.37
7 391.06 843.36 401.35 789.61 366.41 783.59 354.61 791.20 355.63 796.46 377.68 834.67 382.95 840.96
5 851.31 28.92 848.38 125.50 850.92 129.97 893.95 115.17 863.61 36.78
6 628.35 34.52 569.24 23.77 564.62 47.63 573.08 79.91 640.67 76.16 654.86 64.24
5 586.57 864.04 628.47 886.38 639.91 843.16 628.43 835.67 608.45 830.39
7 656.48 167.20 679.81 192.34 686.51 195.43 693.78 190.09 705.01 133.97 704.12 133.80 662.11 155.73
5 1002.63 815.49 950.59 843.59 949.50 848.50 1015.90 914.90 1015.90 817.75
6 915.04 607.11 935.38 615.68 994.88 609.29 942.47 516.12 940.99 516.58 909.79 598.94
5 207.46 338.73 199.60 390.85 213.59 399.15 254.44 380.87 245.68 325.81
5 887.23 343.65 884.94 351.13 904.92 358.82 936.27 332.69 905.21 321.82
8 151.95 1008.71 152.72 1013.61 154.39 1017.92 194.59 1017.92 222.51 937.67 218.41 931.77 209.17 926.10 150.41 977.51
6 703.06 427.87 713.77 437.28 732.03 422.06 713.32 384.65 709.50 382.58 689.12 400.76
8 390.69 707.42 342.14 677.21 334.01 678.73 330.72 694.63 338.44 721.42 343.86 728.97 369.35 750.21 399.18 744.79
6 234.11 702.25 211.30 697.10 200.20 697.75 190.51 743.47 199.73 746.23 243.53 709.73
7 503.00 73.00 500.38 73.00 484.28 86.34 480.54 114.00 481.15 114.78 511.01 115.89 515.03 109.10
6 149.15 130.55 213.50 132.50 218.95 127.05 177.48 104.72 154.55 116.79 149.57 126.26
6 169.14 750.00 126.73 750.00 117.24 766.97 118.16 780.10 162.88 808.56 170.21 775.16
4 261.32 1017.92 340.65 1017.92 336.32 980.23 276.55 966.43
4 939.46 294.00 919.16 241.22 893.85 261.56 904.67 294.00
6 713.77 133.45 729.18 187.37 736.26 193.87 790.25 166.88 760.09 121.64 722.36 128.80
5 324.08 837.16 285.71 854.33 284.58 868.82 331.49 885.98 344.90 849.41
8 205.68 256.15 234.53 242.19 237.76 224.88 207.69 209.84 173.71 247.60 173.39 248.28 175.03 256.88 178.69 257.95
8 203.98 871.04 206.98 860.36 200.13 839.53 168.75 833.40 162.12 836.80 140.22 863.92 136.83 880.87 172.88 887.63
3 408.72 98.06 429.50 56.50 392.10 93.90
5 481.15 114.78 483.41 155.45 522.73 150.53 523.71 148.22 511.01 115.89
7 173.39 248.28 157.93 237.23 86.26 257.71 86.54 258.16 120.64 275.89 161.87 274.34 175.03 256.88
7 36.52 528.30 72.19 518.39 91.52 488.83 59.13 464.34 -7.31 438.87 -18.90 443.53 -18.90 523.60
6 913.35 117.47 929.70 149.69 1015.90 127.20 1015.90 97.21 970.46 85.18 925.08 100.31
6 658.96 798.31 646.91 793.42 628.43 835.67 639.91 843.16 659.95 841.70 666.78 825.24
5 936.27 332.69 904.92 358.82 934.04 380.65 942.64 365.90 936.47 332.73
6 970.21 242.29 961.67 303.31 963.62 308.44 997.07 324.09 1015.90 325.25 1015.90 224.34
5 640.67 76.16 573.08 79.91 574.27 93.65 575.00 95.88 631.31 102.91
7 376.99 618.31 378.82 648.82 451.06 651.04 468.55 638.17 465.35 586.19 461.13 579.40 422.07 581.08
6 587.01 586.94 571.99 565.81 540.94 588.85 550.94 615.20 573.44 610.55 590.10 598.05
6 866.25 233.04 879.34 260.95 893.85 261.56 919.16 241.22 924.83 234.77 886.06 216.53
5 673.59 69.40 703.79 48.21 664.26 7.32 628.35 34.52 654.86 64.24
6 418.81 33.01 395.72 15.17 353.04 11.46 353.35 21.98 391.63 50.34 418.17 36.44
7 1000.71 702.85 1015.90 700.91 1015.90 610.52 994.88 609.29 935.38 615.68 942.72 658.92 960.38 674.62
7 571.82 870.36 569.72 872.00 563.91 907.37 583.79 913.61 636.50 905.50 628.47 886.38 586.57 864.04
4 72.28 73.87 75.68 99.32 101.00 86.97 97.02 51.19
8 820.45 791.28 768.08 816.93 775.59 842.23 783.91 845.76 854.00 841.86 862.59 835.34 855.87 816.54 820.98 791.17
6 385.07 68.71 391.63 50.34 353.35 21.98 341.15 44.93 340.89 57.96 344.55 62.23
6 909.79 598.94 940.99 516.58 895.63 495.69 892.26 495.92 886.11 532.86 905.42 597.25
4 816.83 955.50 791.18 917.02 757.74 958.82 816.64 955.55
6 142.50 192.61 133.16 214.59 157.93 237.23 173.39 248.28 173.71 247.60 170.91 180.32
7 791.07 732.84 776.66 688.99 764.80 688.11 720.59 692.00 699.78 718.66 722.84 770.89 754.97 794.88
4 432.31 355.05 462.89 402.11 490.07 374.93 462.28 354.09
4 454.58 995.53 472.48 929.91 433.27 945.59 428.53 964.09
5 42.86 875.14 41.36 869.64 8.47 867.11 -18.90 892.20 -18.90 936.90
7 119.45 334.30 96.50 352.50 88.33 360.68 98.11 381.00 112.59 407.05 145.70 400.77 140.60 342.10
6 11.03 797.67 -9.63 808.19 -3.69 813.62 49.50 825.44 66.46 813.19 65.91 801.33
4 405.10 412.82 437.03 423.88 453.70 410.54 391.39 374.18
5 641.09 645.73 706.48 653.33 709.96 638.35 690.61 618.20 640.43 643.29
6 567.45 182.86 569.86 112.93 523.71 148.22 522.73 150.53 526.63 158.03 546.43 179.03
9 391.39 374.18 453.70 410.54 462.35 408.93 462.73 407.56 462.89 402.11 432.31 355.05 419.63 352.01 403.17 356.33 389.44 370.23
5 880.82 955.62 934.08 927.92 890.43 900.74 876.12 903.99 864.06 920.81
4 913.23 49.35 925.08 100.31 970.46 85.18 958.00 59.52
5 997.07 324.09 966.61 362.57 1000.53 400.47 1015.90 403.60 1015.90 325.25
7 564.62 47.63 569.24 23.77 567.31 17.53 477.01 32.58 475.87 42.10 500.38 73.00 503.00 73.00
6 876.12 903.99 854.00 883.21 819.50 890.53 818.98 902.51 832.92 933.67 864.06 920.81
6 776.66 688.99 797.87 670.43 795.66 644.66 767.58 622.39 745.11 614.27 764.80 688.11
6 409.91 917.38 414.96 901.68 401.67 859.71 347.96 905.52 348.10 908.91 370.00 943.04
5 400.94 179.66 409.34 227.98 453.77 222.00 449.23 180.24 445.07 178.56
5 879.39 369.35 862.12 393.25 885.86 402.74 890.35 397.51 886.88 379.46
7 89.15 850.83 83.85 879.59 131.82 891.58 136.83 880.87 140.22 863.92 101.22 846.44 92.67 848.63
7 558.83 769.12 546.65 776.70 531.36 807.29 545.41 857.86 569.72 872.00 571.82 870.36 560.60 769.37
6 325.87 820.61 315.10 797.65 309.25 796.59 271.07 826.88 285.71 854.33 324.08 837.16
6 107.62 37.02 127.87 -17.92 98.61 -17.92 85.82 1.27 80.34 39.59 100.55 44.64
5 107.91 85.15 121.19 85.80 144.65 65.58 137.75 62.12 109.90 59.34
6 89.20 221.35 78.60 228.97 77.58 245.96 86.26 257.71 157.93 237.23 133.16 214.59
6 886.06 216.53 924.83 234.77 925.95 233.95 875.28 183.28 871.75 181.13 856.57 181.68
5 177.48 104.72 188.30 74.06 188.00 73.70 157.51 72.37 154.55 116.79
11 95.54 601.34 77.45 629.62 77.04 659.85 97.77 672.58 110.98 677.08 155.41 646.79 162.31 597.96 162.73 588.10 161.57 585.43 153.05 581.00 128.21 581.00
8 789.15 336.48 835.49 322.00 845.81 303.49 845.61 301.26 814.29 279.14 775.00 287.00 773.86 288.14 773.69 294.79
5 315.88 757.85 294.39 730.99 270.88 752.99 315.70 757.97 315.88 757.85
6 477.54 162.05 499.14 202.71 526.63 158.03 522.73 150.53 483.41 155.45 478.39 160.03
4 925.95 233.95 927.90 232.95 928.48 199.65 875.28 183.28
5 62.34 213.62 75.89 153.97 56.66 127.18 47.96 144.58 44.10 198.56
5 789.52 395.16 713.32 384.65 732.03 422.06 762.74 414.79 789.68 395.46
4 784.52 234.62 775.00 287.00 814.29 279.14 821.91 256.26
7 286.72 32.61 288.00 33.85 341.15 44.93 353.35 21.98 353.04 11.46 342.39 -17.92 301.28 -17.92
4 960.38 674.62 942.72 658.92 929.28 680.58 937.41 697.59
3 329.00 952.25 329.00 919.39 302.37 932.27
4 640.43 643.29 690.61 618.20 661.55 578.97 632.79 620.36
8 706.19 47.93 703.79 48.21 673.59 69.40 674.12 99.39 704.12 133.80 705.01 133.97 713.77 133.45 722.36 128.80
6 325.75 475.75 350.97 500.97 362.68 494.00 360.63 448.84 345.35 426.51 331.67 434.33
4 420.03 138.40 442.00 169.79 442.00 130.57 436.04 122.91
4 343.86 728.97 338.44 721.42 324.88 746.08 338.50 766.50
6 259.10 625.42 294.23 647.95 299.83 599.94 250.50 583.50 246.90 585.83 238.87 609.40
4 154.35 921.07 208.72 925.60 203.40 899.50 173.95 899.50
6 134.75 925.04 150.41 977.51 209.17 926.10 208.72 925.60 154.35 921.07 135.06 924.43
7 246.90 585.83 234.65 568.82 184.69 562.31 161.57 585.43 162.73 588.10 233.17 610.20 238.87 609.40
6 403.46 147.13 400.21 178.97 400.94 179.66 445.07 178.56 442.00 169.79 420.03 138.40
6 484.28 86.34 465.67 81.38 441.68 88.23 434.13 105.74 437.61 114.00 480.54 114.00
6 674.12 99.39 673.59 69.40 654.86 64.24 640.67 76.16 631.31 102.91 643.87 114.98
7 61.05 943.28 68.95 940.59 72.43 937.63 69.69 889.14 42.86 875.14 -18.90 936.90 -18.90 944.32
5 556.00 323.01 532.29 320.31 530.57 375.26 573.13 349.72 571.57 343.08
8 42.86 875.14 69.69 889.14 83.85 879.59 89.15 850.83 72.33 842.41 49.50 851.19 41.00 860.02 41.36 869.64
6 647.50 219.89 657.64 221.21 688.19 202.89 686.51 195.43 679.81 192.34 647.50 217.19
6 259.13 272.14 279.74 257.28 278.53 239.90 265.27 206.31 237.76 224.88 234.53 242.19
4 152.72 1013.61 86.94 980.72 56.72 1017.92 154.39 1017.92
6 219.68 -12.13 219.08 -17.92 134.90 -17.92 153.19 25.52 180.56 35.23 204.73 12.79
6 46.59 381.00 23.73 399.93 14.16 419.85 110.51 408.41 112.59 407.05 98.11 381.00
9 -7.31 438.87 14.16 419.85 23.73 399.93 27.71 333.61 27.93 322.32 14.84 301.00 12.50 298.38 -18.90 298.72 -18.90 443.53
10 641.09 645.73 640.43 643.29 632.79 620.36 614.36 616.67 576.16 651.40 572.82 656.97 584.20 673.51 600.55 680.52 624.03 676.80 631.68 673.97
6 80.83 301.00 14.84 301.00 27.93 322.32 65.51 328.59 69.63 325.63 83.54 313.16
6 128.21 581.00 153.05 581.00 143.32 538.04 111.58 515.56 96.84 535.21 109.42 564.24
6 377.68 834.67 339.09 817.13 325.87 820.61 324.08 837.16 344.90 849.41 382.95 840.96
7 118.16 780.10 109.18 801.55 110.57 809.39 114.47 815.96 162.12 836.80 168.75 833.40 162.88 808.56
6 737.91 34.23 778.55 66.74 784.48 65.44 849.02 26.38 850.80 -17.92 741.20 -17.92
7 890.43 900.74 899.68 866.59 882.80 835.63 862.59 835.34 854.00 841.86 854.00 883.21 876.12 903.99
6 651.18 411.71 623.70 418.38 605.84 440.87 606.30 456.91 674.28 469.86 672.24 440.20
8 402.34 855.73 391.06 843.36 382.95 840.96 344.90 849.41 331.49 885.98 334.78 890.91 347.96 905.52 401.67 859.71
6 193.77 451.65 199.88 500.56 214.73 507.87 217.34 507.13 234.00 443.78 233.84 443.63
6 293.11 476.28 279.92 502.66 339.22 521.46 350.97 500.97 325.75 475.75 316.55 473.04
4 968.23 781.87 1002.63 815.49 1015.90 817.75 1015.90 730.53
7 723.34 823.10 760.01 807.90 754.97 794.88 722.84 770.89 691.99 786.69 685.38 818.09 689.84 819.91
7 607.82 282.76 602.02 291.47 622.72 318.38 655.46 316.29 660.47 313.34 662.50 305.08 633.05 273.90
4 201.72 48.88 243.90 42.63 219.68 -12.13 204.73 12.79
5 949.50 848.50 939.13 862.32 945.48 925.81 1015.90 917.89 1015.90 914.90
7 126.73 750.00 115.54 729.99 59.08 739.40 50.97 744.15 51.64 748.93 69.26 769.57 117.24 766.97
6 269.41 428.10 257.67 440.68 288.53 464.83 306.58 445.14 308.67 436.10 291.82 424.36
7 23.25 582.77 65.01 576.63 74.89 559.92 70.81 550.66 36.52 528.30 -18.90 523.60 -18.90 552.94
6 306.74 76.69 288.00 33.85 286.72 32.61 249.13 47.65 248.05 62.84 300.16 95.66
5 101.22 846.44 114.47 815.96 110.57 809.39 88.57 821.96 92.67 848.63
7 313.31 330.41 312.33 328.62 252.84 317.95 245.68 325.81 254.44 380.87 262.54 385.72 274.05 382.77
8 909.73 792.42 947.50 779.83 955.54 775.42 950.62 728.67 946.55 727.27 944.39 727.34 884.05 753.64 886.63 764.37
5 946.55 727.27 950.62 728.67 1000.71 702.85 960.38 674.62 937.41 697.59
4 259.13 272.14 234.53 242.19 205.68 256.15 251.30 295.25
5 413.03 516.01 436.16 521.34 437.06 479.86 404.72 461.58 377.53 494.00
5 227.87 434.50 158.38 434.50 159.11 445.04 193.77 451.65 233.84 443.63
6 61.27 664.35 77.04 659.85 77.45 629.62 27.00 588.94 27.00 627.44 31.27 640.78
7 877.63 358.08 879.39 369.35 886.88 379.46 933.79 382.59 934.04 380.65 904.92 358.82 884.94 351.13
7 929.28 680.58 942.72 658.92 935.38 615.68 915.04 607.11 890.93 644.91 890.69 657.31 903.41 685.93
5 150.74 403.97 158.38 434.50 227.87 434.50 213.59 399.15 199.60 390.85
7 204.33 286.17 196.38 317.96 204.00 337.00 207.46 338.73 245.68 325.81 252.84 317.95 250.37 306.18
6 172.88 887.63 136.83 880.87 131.82 891.58 135.06 924.43 154.35 921.07 173.95 899.50
6 529.53 381.33 501.75 383.92 499.78 399.33 505.34 450.79 556.77 409.88 555.53 403.12
6 742.93 961.93 757.74 958.82 791.18 917.02 790.96 914.30 751.25 882.15 714.58 915.72
4 778.55 66.74 764.02 112.56 842.66 121.30 784.48 65.44
7 934.09 983.60 939.52 929.31 934.08 927.92 880.82 955.62 863.77 1012.44 865.46 1017.92 925.16 1017.92
5 580.38 215.42 527.82 256.55 557.86 263.86 586.68 225.42 586.17 223.09
5 530.94 989.94 504.10 961.60 455.73 998.37 455.21 1017.92 527.49 1017.92
6 713.14 302.30 728.16 322.10 773.69 294.79 773.86 288.14 736.78 270.69 710.85 288.19
6 324.88 746.08 338.44 721.42 330.72 694.63 298.31 724.34 294.39 730.99 315.88 757.85
6 737.00 574.55 737.00 608.60 745.11 614.27 767.58 622.39 805.12 568.76 745.13 566.29
5 749.42 466.87 719.50 511.76 740.35 525.11 742.57 523.15 753.33 469.34
6 624.03 676.80 611.95 761.37 615.70 761.17 649.16 742.64 674.58 719.94 631.68 673.97
7 283.41 920.26 274.66 881.90 256.70 883.40 218.41 931.77 222.51 937.67 273.17 951.41 284.70 933.40
4 288.53 464.83 293.11 476.28 316.55 473.04 306.58 445.14
6 674.58 719.94 699.78 718.66 720.59 692.00 706.48 653.33 641.09 645.73 631.68 673.97
6 181.36 177.04 211.00 140.00 213.50 132.50 149.15 130.55 146.79 134.11 173.36 177.60
8 606.30 456.91 605.84 440.87 556.77 409.88 505.34 450.79 503.05 454.90 515.30 487.79 563.58 504.56 597.06 479.66
8 886.59 495.13 892.26 495.92 895.63 495.69 906.73 463.18 905.10 433.84 877.87 427.71 869.55 430.48 862.41 445.42
5 120.64 275.89 86.54 258.16 80.83 301.00 83.54 313.16 115.00 328.49
7 906.73 463.18 895.63 495.69 940.99 516.58 942.47 516.12 989.66 492.01 961.50 459.28 946.92 450.62
9 252.84 317.95 312.33 328.62 323.49 301.46 313.42 271.81 301.67 263.00 279.74 257.28 259.13 272.14 251.30 295.25 250.37 306.18
5 678.22 261.16 647.30 251.81 633.05 273.90 662.50 305.08 683.36 278.84
8 709.50 382.58 709.50 376.00 695.80 348.60 692.52 347.09 663.82 365.55 661.84 371.48 666.00 399.92 689.12 400.76
5 691.99 786.69 677.97 787.45 658.96 798.31 666.78 825.24 685.38 818.09
7 672.24 440.20 674.28 469.86 676.90 472.07 689.86 477.29 713.87 439.10 713.77 437.28 703.06 427.87
6 422.07 581.08 461.13 579.40 459.97 544.04 436.16 521.34 413.03 516.01 368.97 563.00
5 313.42 271.81 323.49 301.46 357.51 287.29 383.08 251.49 352.91 230.53
5 936.47 332.73 942.64 365.90 966.61 362.57 997.07 324.09 963.62 308.44
6 12.50 298.38 31.28 271.15 7.65 233.62 -1.71 227.84 -18.90 222.87 -18.90 298.72
5 740.88 987.80 681.68 984.51 674.53 987.76 670.76 1017.92 743.84 1017.92
7 282.31 160.86 221.67 125.19 218.95 127.05 213.50 132.50 211.00 140.00 225.29 182.86 268.46 184.05
8 402.34 855.73 459.47 840.14 453.40 770.36 445.72 761.86 442.78 761.45 425.83 762.55 401.35 789.61 391.06 843.36
3 694.25 850.74 723.34 823.10 689.84 819.91
4 934.09 983.60 925.16 1017.92 1015.90 1017.92 1015.90 963.15
6 102.29 179.93 89.20 221.35 133.16 214.59 142.50 192.61 140.46 190.15 107.04 179.01
9 274.66 881.90 284.58 868.82 285.71 854.33 271.07 826.88 236.48 805.90 232.23 808.99 200.13 839.53 206.98 860.36 256.70 883.40
6 783.91 845.76 775.59 842.23 751.25 882.15 790.96 914.30 818.98 902.51 819.50 890.53
4 947.50 840.50 947.50 779.83 909.73 792.42 907.08 812.43
4 353.04 11.46 395.72 15.17 397.93 -17.92 342.39 -17.92
7 51.45 672.42 30.19 725.00 50.97 744.15 59.08 739.40 97.77 672.58 77.04 659.85 61.27 664.35
4 386.79 981.60 407.50 988.50 425.32 964.74 381.45 959.07
4 340.89 57.96 341.15 44.93 288.00 33.85 306.74 76.69
6 877.87 427.71 905.10 433.84 923.63 420.67 928.32 405.77 890.35 397.51 885.86 402.74
6 294.39 730.99 298.31 724.34 253.55 703.68 245.71 709.99 265.56 756.71 270.88 752.99
7 161.87 274.34 120.64 275.89 115.00 328.49 119.45 334.30 140.60 342.10 147.29 337.00 162.02 276.73
7 710.85 288.19 736.78 270.69 728.40 231.84 698.95 231.34 695.74 233.91 678.22 261.16 683.36 278.84
4 228.61 665.55 222.67 663.00 211.30 697.10 234.11 702.25
5 357.51 287.29 398.29 337.13 403.92 267.63 389.89 251.42 383.08 251.49
6 607.31 140.87 575.00 104.86 569.86 112.93 567.45 182.86 579.47 191.53 611.81 173.63
6 947.50 779.83 947.50 840.50 950.59 843.59 1002.63 815.49 968.23 781.87 955.54 775.42
7 733.83 226.18 728.40 231.84 736.78 270.69 773.86 288.14 775.00 287.00 784.52 234.62 783.51 229.57
6 669.04 537.64 700.72 502.72 698.20 491.12 689.86 477.29 676.90 472.07 645.06 506.36
6 181.39 666.03 155.41 646.79 110.98 677.08 113.37 683.63 163.29 709.59 184.57 679.80
6 59.36 49.46 62.23 45.16 60.69 23.61 -8.53 -17.92 -18.90 -17.92 -18.90 53.19
9 585.93 293.81 570.25 270.65 557.86 263.86 527.82 256.55 517.69 258.07 524.29 315.80 525.01 316.49 532.29 320.31 556.00 323.01
7 147.20 64.88 153.19 25.52 134.90 -17.92 127.87 -17.92 107.62 37.02 137.75 62.12 144.65 65.58
5 453.70 410.54 437.03 423.88 441.66 432.72 472.57 427.57 462.35 408.93
6 360.63 448.84 362.68 494.00 377.53 494.00 404.72 461.58 405.42 451.36 369.65 446.59
5 452.59 291.59 419.63 352.01 432.31 355.05 462.28 354.09 493.25 319.55
4 299.83 599.94 308.86 567.77 278.26 555.74 250.50 583.50
5 994.88 609.29 1015.90 610.52 1015.90 491.20 989.66 492.01 942.47 516.12
5 659.83 922.61 636.50 905.50 583.79 913.61 616.51 973.59 643.89 950.32
5 1015.90 963.15 1015.90 917.89 945.48 925.81 939.52 929.31 934.09 983.60
5 97.77 672.58 59.08 739.40 115.54 729.99 113.37 683.63 110.98 677.08
8 475.87 42.10 477.01 32.58 452.44 -13.48 418.81 33.01 418.17 36.44 431.18 54.65 433.79 56.68 462.02 52.13
7 315.70 757.97 298.37 780.02 309.25 796.59 315.10 797.65 336.51 783.58 335.97 776.60 315.88 757.85
5 641.15 558.27 634.64 554.04 571.58 538.27 571.99 565.81 587.01 586.94
5 49.50 851.19 49.50 825.44 -3.69 813.62 4.98 825.29 41.00 860.02
6 781.23 360.89 747.98 350.98 709.50 376.00 709.50 382.58 713.32 384.65 789.52 395.16
4 820.98 791.17 855.87 816.54 863.76 787.24 829.79 783.24
8 663.01 565.19 664.27 567.83 737.00 574.55 745.13 566.29 740.35 525.11 719.50 511.76 700.72 502.72 669.04 537.64
6 454.58 995.53 455.73 998.37 504.10 961.60 495.19 915.46 491.71 913.02 472.48 929.91
7 683.85 864.97 659.95 841.70 639.91 843.16 628.47 886.38 636.50 905.50 659.83 922.61 697.96 911.77
7 437.61 114.00 436.04 122.91 442.00 130.57 478.39 160.03 483.41 155.45 481.15 114.78 480.54 114.00
5 162.88 808.56 168.75 833.40 200.13 839.53 232.23 808.99 170.21 775.16
7 291.82 424.36 308.67 436.10 331.67 434.33 345.35 426.51 348.87 412.86 307.45 394.91 305.59 395.91
6 96.50 352.50 69.63 325.63 65.51 328.59 69.06 354.28 70.24 360.21 88.33 360.68
4 488.10 876.97 545.41 857.86 531.36 807.29 474.35 848.75
6 713.14 302.30 683.39 330.07 692.52 347.09 695.80 348.60 727.59 330.59 728.16 322.10
5 663.82 365.55 650.85 347.39 622.52 356.34 619.71 367.05 661.84 371.48
8 793.48 397.89 816.31 393.50 852.39 354.92 835.49 322.00 789.15 336.48 781.23 360.89 789.52 395.16 789.68 395.46
7 140.60 342.10 145.70 400.77 150.74 403.97 199.60 390.85 207.46 338.73 204.00 337.00 147.29 337.00
4 600.55 680.52 582.73 767.09 611.95 761.37 624.03 676.80
3 53.82 119.28 -18.90 69.21 -18.90 159.27
6 849.02 26.38 851.31 28.92 863.61 36.78 913.10 49.15 970.01 -17.92 850.80 -17.92
7 814.78 180.31 783.51 229.57 784.52 234.62 821.91 256.26 831.73 249.06 833.35 190.74 829.80 179.54
4 61.05 943.28 -18.90 944.32 -18.90 1017.92 55.31 1017.92
6 169.14 750.00 174.10 746.35 163.29 709.59 113.37 683.63 115.54 729.99 126.73 750.00
6 173.71 247.60 207.69 209.84 206.19 196.03 181.36 177.04 173.36 177.60 170.91 180.32
5 677.97 787.45 649.16 742.64 615.70 761.17 646.91 793.42 658.96 798.31
4 65.51 328.59 27.93 322.32 27.71 333.61 69.06 354.28
5 779.29 478.99 775.64 505.31 805.12 502.62 812.98 479.05 799.56 474.28
7 237.76 224.88 265.27 206.31 266.68 202.64 268.46 184.05 225.29 182.86 206.19 196.03 207.69 209.84
6 722.84 770.89 699.78 718.66 674.58 719.94 649.16 742.64 677.97 787.45 691.99 786.69
5 530.57 375.26 529.53 381.33 555.53 403.12 578.41 364.98 573.13 349.72
5 869.55 430.48 877.87 427.71 885.86 402.74 862.12 393.25 845.86 403.15
4 856.33 308.00 887.23 343.65 905.21 321.82 901.75 308.00
5 818.50 597.99 795.66 644.66 797.87 670.43 825.27 672.89 841.69 655.97
5 65.01 576.63 23.25 582.77 27.00 588.94 77.45 629.62 95.54 601.34
7 574.27 93.65 515.03 109.10 511.01 115.89 523.71 148.22 569.86 112.93 575.00 104.86 575.00 95.88
4 407.50 988.50 386.79 981.60 376.57 1017.92 422.21 1017.92
5 704.12 133.80 674.12 99.39 643.87 114.98 641.69 126.13 662.11 155.73
7 121.19 85.80 124.05 92.23 149.57 126.26 154.55 116.79 157.51 72.37 147.20 64.88 144.65 65.58
6 597.06 479.66 563.58 504.56 566.90 528.51 571.58 538.27 634.64 554.04 611.60 491.49
5 109.18 801.55 118.16 780.10 117.24 766.97 69.26 769.57 67.92 798.38
6 330.79 132.42 321.62 145.91 382.17 128.42 392.03 93.90 390.09 91.82 378.63 92.56
5 43.56 198.45 12.53 170.69 -18.90 168.21 -18.90 197.14 36.27 200.21
5 110.51 408.41 14.16 419.85 -7.31 438.87 59.13 464.34 105.30 444.90
5 603.26 250.85 607.82 282.76 633.05 273.90 647.30 251.81 640.59 238.97
5 834.74 451.65 824.21 477.97 854.01 506.94 886.59 495.13 862.41 445.42
4 322.06 339.72 307.45 394.91 348.87 412.86 388.82 370.31
5 70.24 360.21 69.06 354.28 27.71 333.61 23.73 399.93 46.59 381.00
6 939.52 929.31 945.48 925.81 939.13 862.32 899.68 866.59 890.43 900.74 934.08 927.92
6 863.77 1012.44 821.82 955.50 816.83 955.50 816.64 955.55 780.25 1017.92 865.46 1017.92
7 173.36 177.60 146.79 134.11 135.42 138.40 130.08 164.20 140.46 190.15 142.50 192.61 170.91 180.32
6 745.11 614.27 737.00 608.60 709.96 638.35 706.48 653.33 720.59 692.00 764.80 688.11
5 74.89 559.92 65.01 576.63 95.54 601.34 128.21 581.00 109.42 564.24
5 719.50 511.76 749.42 466.87 746.65 464.47 698.20 491.12 700.72 502.72
5 83.54 313.16 69.63 325.63 96.50 352.50 119.45 334.30 115.00 328.49
5 74.89 559.92 109.42 564.24 96.84 535.21 90.76 534.03 70.81 550.66
7 462.73 407.56 462.35 408.93 472.57 427.57 498.59 453.59 503.05 454.90 505.34 450.79 499.78 399.33
8 740.35 525.11 745.13 566.29 805.12 568.76 823.72 567.13 824.13 561.27 813.62 545.11 774.00 509.09 742.57 523.15
6 913.10 49.15 863.61 36.78 893.95 115.17 913.35 117.47 925.08 100.31 913.23 49.35
6 536.00 216.78 508.31 249.66 517.69 258.07 527.82 256.55 580.38 215.42 578.98 208.72
5 736.26 193.87 733.83 226.18 783.51 229.57 814.78 180.31 790.25 166.88
5 832.92 933.67 821.82 955.50 863.77 1012.44 880.82 955.62 864.06 920.81
4 279.74 257.28 301.67 263.00 314.34 224.98 278.53 239.90
5 351.22 563.00 355.74 592.98 376.99 618.31 422.07 581.08 368.97 563.00
6 408.21 444.85 440.95 449.12 441.66 432.72 437.03 423.88 405.10 412.82 404.92 415.24
6 899.63 698.15 944.39 727.34 946.55 727.27 937.41 697.59 929.28 680.58 903.41 685.93
5 159.11 445.04 157.06 453.73 171.44 490.01 199.88 500.56 193.77 451.65
8 834.74 451.65 862.41 445.42 869.55 430.48 845.86 403.15 816.31 393.50 793.48 397.89 793.60 398.37 793.75 398.69
6 301.67 263.00 313.42 271.81 352.91 230.53 342.57 212.64 315.02 224.12 314.34 224.98
7 228.53 95.17 226.27 97.22 221.67 125.19 282.31 160.86 312.82 147.23 304.08 115.87 302.76 112.85
6 760.01 807.90 768.08 816.93 820.45 791.28 808.03 737.46 791.07 732.84 754.97 794.88
7 110.57 809.39 109.18 801.55 67.92 798.38 65.91 801.33 66.46 813.19 68.03 815.54 88.57 821.96
6 664.26 7.32 703.79 48.21 706.19 47.93 737.91 34.23 741.20 -17.92 666.09 -17.92
6 483.16 242.11 453.77 222.00 409.34 227.98 389.89 251.42 403.92 267.63 451.48 282.50
5 452.44 -13.48 477.01 32.58 567.31 17.53 564.29 -17.92 452.93 -17.92
4 90.76 534.03 72.19 518.39 36.52 528.30 70.81 550.66
9 254.44 380.87 213.59 399.15 227.87 434.50 233.84 443.63 234.00 443.78 257.60 440.70 257.67 440.68 269.41 428.10 262.54 385.72
6 622.72 318.38 602.02 291.47 585.93 293.81 556.00 323.01 571.57 343.08 617.14 332.15
6 442.00 169.79 445.07 178.56 449.23 180.24 477.54 162.05 478.39 160.03 442.00 130.57
5 109.90 59.34 137.75 62.12 107.62 37.02 100.55 44.64 100.54 44.79
7 101.00 86.97 75.68 99.32 69.28 111.19 109.32 126.58 124.05 92.23 121.19 85.80 107.91 85.15
4 233.17 610.20 162.73 588.10 162.31 597.96 215.39 644.40
6 832.25 777.75 818.96 737.88 808.03 737.46 820.45 791.28 820.98 791.17 829.79 783.24
4 854.00 841.86 783.91 845.76 819.50 890.53 854.00 883.21
5 746.65 464.47 746.39 463.82 713.87 439.10 689.86 477.29 698.20 491.12
4 433.79 56.68 441.68 88.23 465.67 81.38 462.02 52.13
6 697.96 911.77 659.83 922.61 643.89 950.32 674.53 987.76 681.68 984.51 707.19 914.36
7 550.94 615.20 540.94 588.85 491.65 581.81 465.35 586.19 468.55 638.17 473.40 641.25 534.25 647.66
6 264.18 760.79 239.50 783.22 236.48 805.90 271.07 826.88 309.25 796.59 298.37 780.02
9 404.92 415.24 405.10 412.82 391.39 374.18 389.44 370.23 388.82 370.31 348.87 412.86 345.35 426.51 360.63 448.84 369.65 446.59
4 85.82 1.27 60.69 23.61 62.23 45.16 80.34 39.59
5 842.66 121.30 848.38 125.50 851.31 28.92 849.02 26.38 784.48 65.44
6 228.61 665.55 234.11 702.25 243.53 709.73 245.71 709.99 253.55 703.68 287.54 656.34
6 8.47 867.11 4.98 825.29 -3.69 813.62 -9.63 808.19 -18.90 806.82 -18.90 892.20
7 934.04 380.65 933.79 382.59 935.38 397.12 961.50 405.46 1000.53 400.47 966.61 362.57 942.64 365.90
6 643.87 114.98 631.31 102.91 575.00 95.88 575.00 104.86 607.31 140.87 641.69 126.13
7 845.81 303.49 835.49 322.00 852.39 354.92 877.63 358.08 884.94 351.13 887.23 343.65 856.33 308.00
6 335.97 776.60 338.50 771.33 338.50 766.50 324.88 746.08 315.88 757.85 315.88 757.85
6 818.50 597.99 828.50 573.22 823.72 567.13 805.12 568.76 767.58 622.39 795.66 644.66
4 688.19 202.89 657.64 221.21 695.74 233.91 698.95 231.34
3 355.63 796.46 339.09 817.13 377.68 834.67
7 414.96 901.68 490.27 909.83 488.10 876.97 474.35 848.75 459.47 840.14 402.34 855.73 401.67 859.71
7 882.80 835.63 899.68 866.59 939.13 862.32 949.50 848.50 950.59 843.59 947.50 840.50 907.08 812.43
5 18.72 671.53 51.45 672.42 61.27 664.35 31.27 640.78 -14.91 647.71
7 863.76 787.24 855.87 816.54 862.59 835.34 882.80 835.63 907.08 812.43 909.73 792.42 886.63 764.37
5 343.86 728.97 338.50 766.50 338.50 771.33 369.02 750.99 369.35 750.21
8 383.08 251.49 389.89 251.42 409.34 227.98 400.94 179.66 400.21 178.97 342.19 183.35 342.57 212.64 352.91 230.53
5 101.00 86.97 107.91 85.15 109.90 59.34 100.54 44.79 97.02 51.19
6 946.92 450.62 961.50 459.28 961.50 405.46 935.38 397.12 928.32 405.77 923.63 420.67
6 727.59 330.59 747.98 350.98 781.23 360.89 789.15 336.48 773.69 294.79 728.16 322.10
6 805.12 502.62 813.62 545.11 824.13 561.27 854.01 506.94 824.21 477.97 812.98 479.05
8 893.85 261.56 879.34 260.95 868.15 266.64 845.61 301.26 845.81 303.49 856.33 308.00 901.75 308.00 904.67 294.00
7 354.32 89.64 347.05 77.68 304.08 115.87 312.82 147.23 317.19 148.63 321.62 145.91 330.79 132.42
7 618.02 221.86 586.17 223.09 586.68 225.42 592.42 239.61 603.26 250.85 640.59 238.97 640.45 232.15
6 257.67 440.68 257.60 440.70 272.01 505.52 279.92 502.66 293.11 476.28 288.53 464.83
6 178.69 257.95 175.03 256.88 161.87 274.34 162.02 276.73 196.38 317.96 204.33 286.17
6 579.47 191.53 567.45 182.86 546.43 179.03 536.00 190.89 536.00 216.78 578.98 208.72
10 694.25 850.74 683.85 864.97 697.96 911.77 707.19 914.36 714.58 915.72 751.25 882.15 775.59 842.23 768.08 816.93 760.01 807.90 723.34 823.10
5 214.73 507.87 184.69 562.31 234.65 568.82 246.21 517.96 217.34 507.13
6 500.96 707.17 478.90 727.80 543.67 776.38 546.65 776.70 558.83 769.12 539.94 725.93
6 433.27 945.59 472.48 929.91 491.71 913.02 490.27 909.83 414.96 901.68 409.91 917.38
4 108.13 491.94 111.58 515.56 143.32 538.04 155.42 501.73
8 199.88 500.56 171.44 490.01 155.42 501.73 143.32 538.04 153.05 581.00 161.57 585.43 184.69 562.31 214.73 507.87
4 60.69 23.61 85.82 1.27 98.61 -17.92 -8.53 -17.92
6 955.54 775.42 968.23 781.87 1015.90 730.53 1015.90 700.91 1000.71 702.85 950.62 728.67
7 608.45 830.39 628.43 835.67 646.91 793.42 615.70 761.17 611.95 761.37 582.73 767.09 578.00 769.50
5 611.39 981.38 562.25 965.58 530.94 989.94 527.49 1017.92 614.60 1017.92
9 824.13 561.27 823.72 567.13 828.50 573.22 844.87 580.36 849.80 581.26 886.11 532.86 892.26 495.92 886.59 495.13 854.01 506.94
