100
4 359.19 605.23 430.07 641.43 474.60 536.55 452.14 535.52
5 212.13 321.41 373.17 361.67 337.73 204.38 255.76 230.50 220.62 290.25
7 194.23 384.97 296.58 416.33 385.73 374.73 384.92 373.16 373.17 361.67 212.13 321.41 205.86 330.17
6 165.89 316.69 205.86 330.17 212.13 321.41 220.62 290.25 79.29 189.75 68.87 187.32
5 802.61 133.08 798.29 33.75 705.43 24.15 733.97 120.03 799.60 137.05
6 501.82 99.34 365.56 167.47 364.93 183.24 455.70 225.18 502.11 232.14 516.65 120.65
8 474.60 536.55 520.54 517.55 501.77 413.00 499.01 405.81 396.77 385.77 375.05 434.35 370.26 507.08 452.14 535.52
6 286.79 762.62 141.36 840.70 246.81 912.60 383.73 893.04 388.18 887.02 313.53 794.49
4 132.64 994.41 -0.46 952.38 -0.46 1017.94 137.21 1017.94
5 868.78 659.62 909.23 787.74 1011.46 672.40 1011.46 598.94 982.50 599.35
4 492.72 1017.94 598.97 1017.94 611.84 931.47 475.78 907.81
4 420.38 732.73 419.56 674.15 286.73 680.79 290.58 747.62
5 597.21 94.88 540.52 116.02 608.30 192.27 634.94 170.81 603.53 98.08
5 455.70 225.18 364.93 183.24 337.73 204.38 373.17 361.67 384.92 373.16
6 792.00 286.04 763.39 289.67 686.83 335.83 695.19 357.21 715.82 370.23 792.00 386.87
5 920.62 63.92 895.22 54.96 865.55 56.09 836.29 100.91 952.21 147.28
5 236.85 498.57 223.78 592.79 234.93 611.78 335.70 502.62 300.83 484.62
6 594.32 710.59 613.69 720.04 673.78 693.27 688.42 662.51 658.35 634.95 581.39 645.94
7 483.74 796.32 438.41 875.66 475.78 907.81 611.84 931.47 617.37 926.55 589.70 809.56 486.07 794.89
6 603.37 798.00 589.70 809.56 617.37 926.55 673.86 916.54 714.99 877.32 713.76 856.87
10 286.73 680.79 270.56 637.98 236.28 614.55 151.25 679.28 117.01 765.32 119.94 830.58 137.50 841.03 141.36 840.70 286.79 762.62 290.58 747.62
5 920.62 63.92 1011.46 -17.28 1011.46 -18.94 900.76 -18.94 895.22 54.96
5 537.61 599.26 487.22 673.43 513.60 724.16 534.25 714.71 559.45 631.57
7 76.09 401.27 121.52 426.51 187.22 397.62 194.23 384.97 205.86 330.17 165.89 316.69 85.54 292.49
5 493.24 67.08 454.01 48.10 358.66 108.88 365.56 167.47 501.82 99.34
6 475.78 907.81 438.41 875.66 388.18 887.02 383.73 893.04 351.11 1017.94 492.72 1017.94
6 846.28 265.19 843.30 238.20 757.93 231.46 763.39 289.67 792.00 286.04 842.32 269.74
6 375.05 434.35 311.59 451.66 300.83 484.62 335.70 502.62 363.84 509.84 370.26 507.08
5 439.30 752.57 313.53 794.49 388.18 887.02 438.41 875.66 483.74 796.32
6 802.14 743.45 902.11 801.33 909.23 787.74 868.78 659.62 827.23 665.19 797.10 677.40
8 613.69 720.04 594.32 710.59 534.25 714.71 513.60 724.16 486.07 794.89 589.70 809.56 603.37 798.00 604.23 796.68
5 370.26 507.08 363.84 509.84 323.29 606.53 359.19 605.23 452.14 535.52
5 872.45 548.87 840.66 557.76 827.23 665.19 868.78 659.62 982.50 599.35
6 363.84 509.84 335.70 502.62 234.93 611.78 236.28 614.55 270.56 637.98 323.29 606.53
6 704.49 22.82 694.63 -18.94 649.12 -18.94 572.26 44.25 597.21 94.88 603.53 98.08
6 733.97 120.03 681.54 172.46 702.19 218.81 752.22 226.58 804.78 146.19 799.60 137.05
8 513.60 724.16 487.22 673.43 432.71 657.44 419.56 674.15 420.38 732.73 439.30 752.57 483.74 796.32 486.07 794.89
4 691.75 502.42 762.03 538.93 776.64 502.40 725.61 455.30
5 802.61 133.08 836.29 100.91 865.55 56.09 836.72 22.29 798.29 33.75
5 753.20 586.81 621.88 547.41 658.35 634.95 688.42 662.51 745.59 643.06
5 673.86 916.54 617.37 926.55 611.84 931.47 598.97 1017.94 741.46 1017.94
4 541.96 31.98 572.26 44.25 649.12 -18.94 535.05 -18.94
7 323.29 606.53 270.56 637.98 286.73 680.79 419.56 674.15 432.71 657.44 430.07 641.43 359.19 605.23
5 752.22 226.58 757.93 231.46 843.30 238.20 850.41 197.13 804.78 146.19
7 691.75 502.42 643.05 498.52 606.60 525.56 621.88 547.41 753.20 586.81 766.39 552.75 762.03 538.93
6 847.96 421.77 846.50 425.62 872.45 548.87 982.50 599.35 1011.46 598.94 1011.46 389.67
6 797.10 677.40 827.23 665.19 840.66 557.76 766.39 552.75 753.20 586.81 745.59 643.06
6 705.43 24.15 798.29 33.75 836.72 22.29 836.24 -18.94 694.63 -18.94 704.49 22.82
4 776.64 502.40 793.46 475.62 729.32 438.97 725.61 455.30
7 681.54 172.46 634.94 170.81 608.30 192.27 559.04 239.97 665.75 328.69 685.80 334.80 702.19 218.81
6 824.05 397.64 847.96 421.77 1011.46 389.67 1011.46 339.18 846.28 265.19 842.32 269.74
5 385.73 374.73 296.58 416.33 311.59 451.66 375.05 434.35 396.77 385.77
4 220.62 290.25 255.76 230.50 212.48 171.38 79.29 189.75
8 686.83 335.83 685.80 334.80 665.75 328.69 500.10 403.50 499.01 405.81 501.77 413.00 660.69 413.00 695.19 357.21
4 8.93 378.68 76.09 401.27 85.54 292.49 69.12 282.76
5 8.93 378.68 69.12 282.76 23.61 190.81 -0.46 189.24 -0.46 379.61
5 132.64 994.41 137.50 841.03 119.94 830.58 -0.46 840.22 -0.46 952.38
7 729.32 438.97 715.82 370.23 695.19 357.21 660.69 413.00 643.05 498.52 691.75 502.42 725.61 455.30
4 117.01 765.32 151.25 679.28 82.89 636.03 27.11 651.97
4 100.52 474.66 52.91 520.76 114.65 586.13 200.22 585.13
7 430.07 641.43 432.71 657.44 487.22 673.43 537.61 599.26 530.31 523.91 520.54 517.55 474.60 536.55
7 572.26 44.25 541.96 31.98 493.24 67.08 501.82 99.34 516.65 120.65 540.52 116.02 597.21 94.88
5 604.23 796.68 603.37 798.00 713.76 856.87 725.85 792.55 703.88 773.23
4 673.78 693.27 613.69 720.04 604.23 796.68 703.88 773.23
7 52.91 520.76 100.52 474.66 121.52 426.51 76.09 401.27 8.93 378.68 -0.46 379.61 -0.46 534.65
7 762.03 538.93 766.39 552.75 840.66 557.76 872.45 548.87 846.50 425.62 793.46 475.62 776.64 502.40
4 559.04 239.97 518.74 243.92 500.10 403.50 665.75 328.69
4 358.66 108.88 454.01 48.10 444.93 -18.94 262.80 -18.94
6 959.22 160.19 850.41 197.13 843.30 238.20 846.28 265.19 1011.46 339.18 1011.46 181.08
6 296.58 416.33 194.23 384.97 187.22 397.62 236.85 498.57 300.83 484.62 311.59 451.66
7 793.46 475.62 846.50 425.62 847.96 421.77 824.05 397.64 792.00 386.87 715.82 370.23 729.32 438.97
5 454.01 48.10 493.24 67.08 541.96 31.98 535.05 -18.94 444.93 -18.94
6 44.82 180.97 175.40 -14.02 176.48 -18.94 -0.46 -18.94 -0.46 189.24 23.61 190.81
4 383.73 893.04 246.81 912.60 252.66 1017.94 351.11 1017.94
5 909.23 787.74 902.11 801.33 912.15 863.98 1011.46 928.24 1011.46 672.40
6 713.76 856.87 714.99 877.32 819.84 904.44 838.68 891.88 766.06 775.70 725.85 792.55
6 27.11 651.97 82.89 636.03 114.65 586.13 52.91 520.76 -0.46 534.65 -0.46 644.76
5 836.72 22.29 865.55 56.09 895.22 54.96 900.76 -18.94 836.24 -18.94
5 286.79 762.62 313.53 794.49 439.30 752.57 420.38 732.73 290.58 747.62
5 766.06 775.70 838.68 891.88 912.15 863.98 902.11 801.33 802.14 743.45
5 79.29 189.75 212.48 171.38 175.40 -14.02 44.82 180.97 68.87 187.32
4 792.00 286.04 792.00 386.87 824.05 397.64 842.32 269.74
6 501.77 413.00 520.54 517.55 530.31 523.91 606.60 525.56 643.05 498.52 660.69 413.00
7 658.35 634.95 621.88 547.41 606.60 525.56 530.31 523.91 537.61 599.26 559.45 631.57 581.39 645.94
4 559.45 631.57 534.25 714.71 594.32 710.59 581.39 645.94
6 516.65 120.65 502.11 232.14 518.74 243.92 559.04 239.97 608.30 192.27 540.52 116.02
6 702.19 218.81 685.80 334.80 686.83 335.83 763.39 289.67 757.93 231.46 752.22 226.58
8 499.01 405.81 500.10 403.50 518.74 243.92 502.11 232.14 455.70 225.18 384.92 373.16 385.73 374.73 396.77 385.77
6 838.68 891.88 819.84 904.44 799.37 1017.94 1011.46 1017.94 1011.46 928.24 912.15 863.98
5 920.62 63.92 952.21 147.28 959.22 160.19 1011.46 181.08 1011.46 -17.28
6 634.94 170.81 681.54 172.46 733.97 120.03 705.43 24.15 704.49 22.82 603.53 98.08
7 804.78 146.19 850.41 197.13 959.22 160.19 952.21 147.28 836.29 100.91 802.61 133.08 799.60 137.05
8 725.85 792.55 766.06 775.70 802.14 743.45 797.10 677.40 745.59 643.06 688.42 662.51 673.78 693.27 703.88 773.23
6 187.22 397.62 121.52 426.51 100.52 474.66 200.22 585.13 223.78 592.79 236.85 498.57
5 117.01 765.32 27.11 651.97 -0.46 644.76 -0.46 840.22 119.94 830.58
6 246.81 912.60 141.36 840.70 137.50 841.03 132.64 994.41 137.21 1017.94 252.66 1017.94
9 175.40 -14.02 212.48 171.38 255.76 230.50 337.73 204.38 364.93 183.24 365.56 167.47 358.66 108.88 262.80 -18.94 176.48 -18.94
6 44.82 180.97 23.61 190.81 69.12 282.76 85.54 292.49 165.89 316.69 68.87 187.32
7 114.65 586.13 82.89 636.03 151.25 679.28 236.28 614.55 234.93 611.78 223.78 592.79 200.22 585.13
5 819.84 904.44 714.99 877.32 673.86 916.54 741.46 1017.94 799.37 1017.94
