20
5 810.75 827.75 593.43 956.42 593.73 983.32 922.72 983.32 922.72 800.82
5 46.08 557.97 152.78 532.77 261.17 82.68 1.28 82.68 1.28 550.39
6 152.78 532.77 175.01 536.96 457.56 435.76 486.10 300.98 343.98 82.68 261.17 82.68
4 712.41 596.61 810.43 478.99 742.14 425.19 606.44 579.06
9 580.50 588.80 526.02 846.28 527.69 850.17 593.43 956.42 810.75 827.75 786.29 663.52 766.36 607.97 712.41 596.61 606.44 579.06
4 831.28 493.42 853.52 564.03 922.72 593.19 922.72 414.84
5 527.69 850.17 107.83 977.23 104.61 983.32 593.73 983.32 593.43 956.42
7 880.25 306.25 744.52 387.69 742.14 425.19 810.43 478.99 831.28 493.42 922.72 414.84 922.72 315.87
5 486.10 300.98 623.29 279.32 721.38 162.21 705.19 82.68 343.98 82.68
5 766.36 607.97 853.52 564.03 831.28 493.42 810.43 478.99 712.41 596.61
4 880.25 306.25 922.72 315.87 922.72 91.70 802.91 194.19
4 786.29 663.52 810.75 827.75 922.72 800.82 922.72 649.16
7 623.29 279.32 486.10 300.98 457.56 435.76 580.50 588.80 606.44 579.06 742.14 425.19 744.52 387.69
5 802.91 194.19 721.38 162.21 623.29 279.32 744.52 387.69 880.25 306.25
5 46.08 557.97 138.90 858.89 390.72 780.32 175.01 536.96 152.78 532.77
5 802.91 194.19 922.72 91.70 922.72 82.68 705.19 82.68 721.38 162.21
6 138.90 858.89 46.08 557.97 1.28 550.39 1.28 983.32 104.61 983.32 107.83 977.23
5 853.52 564.03 766.36 607.97 786.29 663.52 922.72 649.16 922.72 593.19
5 457.56 435.76 175.01 536.96 390.72 780.32 526.02 846.28 580.50 588.80
5 107.83 977.23 527.69 850.17 526.02 846.28 390.72 780.32 138.90 858.89
