1000
812 158
532 184
611 334
846 276
169 932
511 353
497 160
900 715
988 963
358 363
571 684
470 797
237 763
966 875
524 448
813 386
985 250
321 139
22 153
423 651
50 519
542 673
759 393
951 884
273 375
150 782
838 341
830 817
821 234
961 283
988 287
996 805
946 496
27 913
752 887
422 644
29 673
592 502
46 506
432 647
505 934
39 782
936 643
692 323
144 85
744 999
631 955
553 18
26 835
386 228
811 448
310 265
441 790
760 627
631 36
948 473
250 349
830 788
812 197
877 853
156 414
836 443
168 149
618 167
535 926
682 631
796 572
43 138
85 915
753 333
792 84
915 465
576 610
981 876
187 804
69 164
848 632
579 402
86 193
128 13
96 483
837 736
686 867
50 575
546 886
290 684
862 245
440 407
861 728
910 240
380 318
936 526
513 409
527 400
941 488
355 742
702 308
256 172
44 133
793 809
177 711
448 646
440 706
65 388
982 33
176 499
522 851
907 605
615 736
94 443
963 387
95 709
737 320
144 833
635 547
860 953
47 163
296 347
216 527
901 513
573 52
647 69
982 312
112 448
813 793
830 308
751 410
764 382
75 707
457 138
703 40
858 731
377 567
320 765
823 680
883 382
145 862
292 333
314 927
327 313
803 363
199 754
298 234
475 278
570 976
438 463
948 439
978 172
496 841
642 318
857 198
391 191
326 578
836 604
633 562
466 944
737 515
177 343
745 266
159 471
165 702
653 98
703 174
371 541
308 365
360 940
698 114
284 649
126 670
987 580
89 45
683 419
29 575
465 638
513 168
847 643
593 539
18 524
666 412
924 809
973 957
150 174
971 866
703 726
592 930
427 522
290 387
257 508
664 306
977 876
761 604
22 703
904 567
440 167
693 304
979 346
98 176
554 980
143 401
494 400
395 139
797 706
713 75
281 432
268 735
636 699
741 75
670 190
130 267
162 298
118 369
915 654
340 146
533 114
519 420
861 787
830 534
479 147
320 473
179 412
634 858
842 121
743 395
933 341
476 89
134 285
415 654
207 254
967 204
939 700
508 909
684 997
181 409
772 337
360 381
858 278
910 406
558 749
509 339
118 971
324 978
143 302
338 646
824 19
148 126
966 808
88 216
788 482
106 290
908 365
491 187
388 633
591 847
18 912
734 67
327 641
464 162
592 239
555 736
713 527
663 394
365 836
909 683
93 314
238 897
706 463
100 943
715 795
771 437
518 247
646 600
672 244
640 438
947 922
624 966
907 572
32 108
99 391
356 410
472 118
189 975
326 724
643 147
600 252
968 549
241 769
708 899
624 712
471 652
525 94
802 98
320 339
588 185
495 723
297 414
152 133
810 535
806 568
207 536
155 561
124 620
208 650
972 589
325 310
192 704
248 508
835 888
471 929
330 283
609 16
259 484
506 639
457 424
794 906
306 692
712 432
939 983
138 292
550 518
440 453
975 480
780 494
61 778
605 300
690 282
361 193
426 799
842 959
430 446
129 857
219 816
956 250
496 188
486 992
502 274
182 108
847 281
420 307
670 200
982 410
133 78
230 934
420 335
354 607
361 546
715 426
276 171
465 340
429 48
543 892
499 101
379 249
998 521
749 354
949 558
500 950
154 609
798 497
625 60
618 134
35 750
400 422
817 132
638 736
535 901
23 289
504 62
121 644
875 804
939 906
260 794
877 798
197 150
6 497
152 910
677 281
666 39
15 537
452 550
386 56
201 547
835 870
38 927
187 585
438 179
934 137
873 766
734 0
708 996
306 15
54 383
925 787
66 978
286 427
611 916
229 779
907 290
977 697
171 599
525 988
388 392
872 468
212 536
555 226
65 428
720 247
235 761
781 483
711 376
644 421
472 772
853 796
907 1
395 26
462 85
97 806
358 404
140 338
168 703
814 506
791 725
703 736
525 596
996 713
299 769
114 833
610 929
474 440
188 979
983 370
800 247
253 594
506 102
279 536
478 269
362 801
724 158
280 49
384 298
202 229
720 293
366 614
245 678
279 792
949 711
343 739
500 615
25 750
260 21
329 391
403 324
498 83
214 843
851 394
209 654
835 279
206 724
645 32
909 425
96 68
414 754
93 126
842 641
723 31
265 867
797 984
12 103
230 476
440 112
161 721
397 219
292 480
272 731
427 600
597 936
787 710
258 535
542 829
110 879
467 670
601 702
337 282
565 153
541 854
820 415
137 130
473 12
874 911
45 721
514 669
318 965
762 943
689 252
543 738
773 750
155 997
120 581
12 964
530 913
33 109
374 522
631 502
232 24
951 613
774 45
100 4
263 693
175 179
808 815
537 848
64 752
571 527
937 130
536 169
706 728
488 88
337 965
777 920
545 225
145 939
186 809
965 637
608 610
816 471
312 801
980 702
275 75
658 322
377 116
302 239
277 892
975 783
230 848
852 590
846 296
824 433
63 927
50 268
577 171
72 2
74 639
977 130
958 613
297 858
220 202
96 307
290 959
789 806
458 561
337 609
681 826
64 418
694 967
346 685
98 928
889 557
510 909
310 886
14 395
961 931
83 776
240 557
795 392
253 853
960 749
982 322
415 778
815 330
955 566
245 459
154 631
437 907
379 990
257 769
89 611
933 925
837 554
482 750
420 639
462 503
36 541
126 484
588 704
26 126
3 299
170 492
20 262
739 821
282 360
831 5
743 313
754 324
790 561
196 316
518 1
445 712
510 590
178 622
736 731
865 441
781 744
214 619
196 374
542 33
358 572
289 75
769 293
942 117
86 376
731 943
757 303
260 499
872 366
284 873
889 137
358 575
200 856
727 23
411 417
910 615
953 377
817 177
667 58
902 104
894 325
756 440
629 4
682 433
734 496
699 787
0 23
210 463
997 27
228 248
426 554
742 389
168 75
839 307
277 296
125 880
525 417
255 339
725 735
673 805
27 129
753 598
713 918
962 942
267 997
380 399
974 136
413 749
19 746
326 574
94 769
457 733
896 420
264 305
937 472
733 848
175 495
19 722
989 761
49 239
541 341
666 380
518 893
357 913
776 125
366 702
713 451
738 890
967 483
882 960
27 984
921 723
440 335
618 942
311 657
823 728
864 13
788 13
329 924
99 900
986 822
772 280
34 660
395 17
428 583
254 809
572 600
737 77
285 282
581 424
491 359
907 698
223 996
289 435
783 662
682 65
995 671
275 117
933 179
499 508
602 91
35 588
887 545
216 497
637 879
434 680
117 196
666 469
580 352
504 654
524 910
357 372
731 28
671 857
835 566
143 713
215 647
730 993
95 210
658 162
180 278
665 118
491 907
677 839
26 322
501 567
901 365
464 918
238 566
220 428
226 23
223 98
413 390
282 4
321 896
156 645
397 78
406 369
265 570
436 881
118 814
674 771
622 21
433 786
838 354
676 531
602 887
698 187
470 305
779 809
666 358
78 852
679 854
592 332
552 96
329 528
155 986
217 242
427 183
14 191
281 251
41 810
64 372
48 186
581 632
59 351
927 473
325 611
660 890
713 783
602 985
843 929
222 38
696 249
848 67
168 932
464 700
796 579
872 704
696 297
52 290
324 949
846 690
912 532
209 709
589 66
336 212
363 676
358 686
180 955
553 144
247 816
688 746
784 844
647 289
418 455
796 738
434 446
744 426
166 881
540 564
835 326
972 860
797 733
382 545
978 666
525 785
394 478
832 167
632 719
117 352
696 807
531 831
969 830
879 916
802 651
698 801
527 30
456 152
600 354
713 532
707 784
785 965
770 386
421 148
611 984
270 946
200 435
481 280
508 76
510 700
176 723
704 906
963 270
843 521
676 631
428 573
475 234
706 940
406 928
78 78
725 100
948 827
582 846
661 20
932 361
739 688
235 628
549 517
341 716
199 939
875 339
776 662
520 609
250 172
994 427
400 130
117 902
511 336
699 751
181 686
459 665
914 957
20 799
478 536
269 518
764 804
209 675
704 768
90 663
485 566
511 654
10 712
934 812
638 587
755 716
889 684
653 224
687 587
616 481
450 504
377 112
983 937
131 813
42 725
678 433
747 453
704 221
174 569
853 905
640 76
409 494
532 955
987 79
287 819
873 80
795 982
67 397
719 256
746 438
362 122
208 400
606 979
886 241
553 25
262 838
61 918
488 948
84 345
151 49
291 826
827 701
224 482
43 91
486 806
54 644
186 128
235 787
317 358
130 128
904 308
305 887
458 251
18 844
508 105
824 64
679 755
669 159
549 17
91 159
924 852
196 793
206 362
962 578
7 786
734 19
441 913
937 517
316 728
314 955
738 416
862 313
433 807
119 768
609 53
993 898
822 485
850 134
951 280
149 955
349 141
921 589
302 8
943 640
772 181
556 37
98 750
596 184
946 197
171 930
333 510
167 629
784 685
277 409
11 278
975 503
377 472
940 631
512 794
267 810
401 622
730 700
341 550
357 258
584 741
225 588
24 997
215 361
51 575
877 41
316 747
395 412
941 791
273 938
563 469
628 255
233 346
421 357
890 300
324 857
211 876
11 202
511 627
94 531
159 381
307 725
