1000
5 828.65 147.72 794.34 141.12 782.88 153.63 793.96 172.91 820.46 165.93
7 555.90 182.34 524.27 173.90 514.01 186.08 516.82 211.37 552.55 200.05 559.79 196.08 559.80 195.84
5 620.70 314.76 603.09 317.87 600.62 341.32 632.82 359.02 637.73 347.76
5 851.93 277.41 854.69 260.86 838.07 252.28 834.24 254.56 841.07 279.59
3 168.50 929.50 168.50 946.37 179.91 940.91
6 525.00 344.50 520.50 344.50 498.49 347.64 507.72 378.39 510.50 379.39 535.55 370.87
7 499.94 174.12 517.52 138.97 511.57 134.31 503.08 132.62 480.66 163.66 481.08 170.63 496.20 173.99
6 889.19 701.38 880.86 722.58 886.90 740.71 899.66 747.47 913.67 710.69 890.20 701.02
5 984.42 950.21 969.46 987.60 982.27 1018.98 1017.96 1018.98 1017.96 943.76
8 380.64 369.60 381.69 368.51 384.26 347.96 351.93 332.15 350.24 333.20 338.58 351.67 336.93 365.21 378.50 369.83
5 561.29 709.48 591.54 683.77 603.79 663.34 565.07 655.90 546.48 704.92
5 459.80 832.71 460.77 832.14 486.85 785.77 457.92 783.45 452.53 805.81
5 249.00 759.33 252.20 748.67 250.84 747.16 229.00 769.00 232.14 770.57
5 971.79 872.33 947.93 859.07 947.52 858.91 946.86 860.10 969.47 897.79
7 499.99 437.84 494.68 470.99 528.90 485.25 529.14 485.17 553.87 439.25 551.39 433.37 529.07 432.65
5 808.48 402.44 830.50 397.12 834.70 377.19 822.94 368.00 800.28 377.85
5 970.50 229.15 970.50 256.15 982.05 268.86 1017.96 265.95 1017.96 210.58
7 309.00 105.00 290.48 143.72 315.04 178.26 317.51 177.76 335.86 127.95 336.53 118.52 327.16 95.92
7 28.05 174.12 36.99 151.78 30.12 142.17 0.81 136.06 -13.05 134.01 -19.96 135.39 -19.96 164.01
4 424.45 667.04 433.92 663.44 426.57 646.92 417.40 648.23
5 33.30 517.02 34.48 524.58 66.55 544.99 77.11 506.25 75.40 504.07
8 529.85 658.03 525.82 686.28 542.04 705.51 543.75 705.48 546.48 704.92 565.07 655.90 545.45 637.23 540.60 640.50
7 776.83 411.77 777.53 411.58 777.48 409.90 763.93 388.60 752.31 383.32 750.58 390.65 751.75 399.97
6 946.86 860.10 921.01 881.91 962.22 904.39 967.36 904.93 969.60 898.20 969.47 897.79
6 243.65 395.69 273.62 392.16 287.00 373.20 264.26 359.56 241.09 380.05 239.76 385.57
8 173.83 784.04 176.73 771.90 166.53 754.06 164.35 753.10 145.90 749.77 127.84 789.74 158.31 808.42 163.24 801.85
5 856.08 332.21 853.59 330.08 826.50 335.50 820.76 347.50 856.91 347.50
7 825.03 802.50 819.90 806.14 816.36 845.02 848.12 842.03 857.91 829.24 855.90 822.27 837.85 802.50
6 838.07 252.28 845.94 222.94 834.20 211.20 797.83 220.04 821.63 258.48 834.24 254.56
5 975.45 278.57 957.70 275.84 946.87 311.94 949.69 313.30 972.79 296.57
5 982.05 268.86 975.45 278.57 972.79 296.57 1017.96 307.41 1017.96 265.95
5 997.93 782.14 980.25 799.01 981.12 807.69 1017.96 829.36 1017.96 778.95
4 928.92 501.11 957.19 513.22 961.11 496.95 953.99 485.44
5 44.31 875.65 26.33 878.00 20.63 929.33 44.75 910.37 49.25 879.78
5 772.61 897.35 782.23 876.09 759.54 859.20 740.69 868.38 750.49 914.11
4 417.40 648.23 426.57 646.92 429.18 638.23 412.59 644.86
6 50.04 692.65 60.99 677.84 -19.96 646.71 -19.96 673.28 -3.74 681.18 48.15 693.28
7 611.50 519.99 611.50 500.07 589.51 474.94 565.73 495.84 567.14 499.86 568.58 503.65 588.76 520.60
5 58.71 467.78 34.89 461.98 25.31 504.59 33.30 517.02 75.40 504.07
6 426.57 646.92 433.92 663.44 440.82 663.03 441.01 662.73 438.60 624.10 429.18 638.23
9 498.03 920.48 488.93 925.21 488.10 930.80 495.53 939.82 516.94 946.51 522.50 939.36 518.77 925.38 516.02 923.20 509.00 921.80
6 21.33 770.67 22.89 783.11 34.76 796.37 52.74 795.09 47.22 764.72 30.00 766.88
6 917.81 633.82 937.55 671.50 947.99 670.95 950.31 666.72 937.50 636.83 920.62 631.21
7 675.09 319.29 674.57 337.21 694.50 352.01 716.02 344.29 714.90 327.43 694.13 313.59 679.04 312.79
6 162.93 96.62 150.86 67.65 147.70 67.04 125.06 102.61 136.71 106.41 158.28 104.30
6 774.25 1004.75 768.12 986.37 756.24 972.04 748.35 969.51 727.15 1018.98 778.28 1018.98
6 648.96 924.04 618.33 954.67 655.61 978.39 660.32 972.44 666.74 938.72 665.26 931.32
4 550.00 21.50 581.16 21.50 579.68 -19.98 560.37 -19.98
4 46.26 861.06 54.71 835.22 24.04 816.83 0.84 820.69
6 361.24 219.26 357.86 229.81 358.61 230.54 411.75 248.25 378.99 208.22 377.06 207.95
6 825.77 456.83 823.55 445.74 803.27 428.16 795.52 426.05 787.12 456.62 796.75 463.14
6 330.60 262.22 333.03 258.36 330.94 244.33 297.07 254.75 291.95 265.34 307.38 288.03
5 435.47 797.78 452.53 805.81 457.92 783.45 447.90 766.19 433.64 794.73
7 781.68 637.81 793.61 616.94 746.58 614.89 720.60 621.17 721.98 648.02 743.83 655.55 779.50 639.24
5 641.38 51.35 642.76 50.67 634.98 23.41 613.61 36.23 621.44 46.36
5 964.62 464.48 966.81 456.00 944.00 456.00 941.88 479.28 953.88 484.88
5 264.26 359.56 267.10 351.30 242.96 339.23 237.57 369.78 241.09 380.05
7 813.34 762.77 825.03 802.50 837.85 802.50 845.29 781.09 844.73 763.78 844.59 763.49 817.62 759.86
5 794.77 182.07 781.18 216.04 797.83 220.04 834.20 211.20 834.62 192.03
7 848.12 842.03 862.64 877.91 871.00 881.77 901.16 883.33 900.03 830.50 897.34 827.63 857.91 829.24
7 130.51 426.49 143.46 443.24 169.72 441.86 169.96 441.34 166.50 401.50 165.85 398.26 159.33 397.67
7 844.51 469.17 851.66 458.87 849.00 420.18 845.69 419.17 823.55 445.74 825.77 456.83 841.75 468.25
5 164.68 165.59 182.09 161.53 182.71 143.39 169.19 131.81 147.66 153.34
7 596.85 162.37 626.65 200.93 636.85 194.67 640.69 185.99 638.28 166.72 625.30 150.50 595.70 150.50
7 548.10 913.50 520.74 924.02 518.77 925.38 522.50 939.36 562.41 943.49 564.41 914.98 558.12 913.50
8 701.07 668.93 721.98 648.02 720.60 621.17 716.64 612.65 679.00 608.38 679.00 678.53 682.29 680.76 684.90 680.18
3 776.50 575.50 803.20 575.50 798.42 563.54
5 34.85 133.77 30.12 142.17 36.99 151.78 58.69 148.31 66.83 140.17
4 73.43 919.96 80.35 932.65 98.98 914.02 69.22 886.24
4 760.34 345.28 763.63 329.63 744.21 327.47 733.84 340.23
5 811.95 80.32 797.79 57.67 767.92 71.46 763.50 96.50 780.18 103.01
8 892.38 448.04 892.23 448.35 894.80 485.15 907.72 488.92 930.26 455.11 931.32 451.77 924.51 443.12 892.73 447.89
4 547.89 615.44 547.67 628.01 592.00 617.93 592.00 597.80
6 1017.96 870.11 1017.96 852.19 1006.49 851.13 982.21 864.79 979.00 868.00 979.00 891.36
4 203.60 808.40 173.83 784.04 163.24 801.85 203.07 809.81
8 58.69 148.31 57.52 174.06 68.00 184.07 80.78 176.58 82.49 172.45 75.45 141.50 69.69 137.86 66.83 140.17
7 856.82 611.65 826.93 624.46 846.34 637.39 882.27 640.66 883.05 638.28 877.82 619.20 875.16 613.40
6 587.58 377.16 553.94 376.49 552.59 411.63 553.64 415.40 611.91 410.10 617.69 390.33
6 68.00 184.07 63.87 206.51 84.41 204.73 101.38 195.74 101.80 191.42 80.78 176.58
5 178.20 6.28 180.88 -19.98 123.15 -19.98 107.72 28.05 120.24 43.31
7 77.11 506.25 110.20 507.63 111.49 468.92 98.18 462.84 64.49 464.53 58.71 467.78 75.40 504.07
6 817.62 759.86 844.59 763.49 852.41 754.11 843.17 715.31 838.83 716.55 817.34 754.16
6 705.67 848.02 677.82 863.02 669.86 874.95 684.40 891.39 685.60 890.84 714.85 870.73
4 50.50 590.73 50.50 554.91 39.50 559.44 39.50 578.04
7 573.70 903.08 574.20 875.18 564.75 866.68 528.36 872.37 527.81 872.74 530.07 881.79 573.37 903.43
6 287.46 709.08 305.00 674.00 293.85 665.33 270.13 669.39 283.10 708.30 286.34 709.54
5 877.44 263.61 870.23 220.36 845.94 222.94 838.07 252.28 854.69 260.86
9 437.43 426.57 466.25 397.75 464.16 381.57 458.76 375.83 452.69 373.57 438.90 378.81 422.85 404.30 430.06 425.23 432.00 425.73
6 844.22 714.22 874.60 744.60 886.90 740.71 880.86 722.58 852.28 709.48 846.02 711.95
7 929.52 261.00 937.10 226.12 913.77 206.58 898.04 200.65 896.42 202.69 899.00 264.43 924.68 265.97
6 384.50 347.83 394.25 310.45 356.13 302.83 354.51 304.76 351.93 332.15 384.26 347.96
5 928.66 547.62 951.35 538.40 961.37 524.46 961.25 524.25 921.71 519.86
5 510.50 389.72 493.83 424.91 494.76 426.09 519.14 412.79 522.29 408.06
7 510.50 379.39 510.50 389.72 522.29 408.06 552.59 411.63 553.94 376.49 552.49 374.89 535.55 370.87
7 941.88 479.28 932.90 481.52 917.89 495.53 920.67 499.97 928.92 501.11 953.99 485.44 953.88 484.88
8 382.53 757.69 385.99 729.01 360.83 722.09 352.48 726.59 343.48 762.59 349.99 772.51 379.60 769.00 380.55 767.41
5 699.07 302.46 694.13 313.59 714.90 327.43 720.30 311.66 708.40 297.38
6 267.88 209.18 264.64 144.20 253.00 140.18 253.00 205.00 260.52 214.03 260.90 213.90
7 69.69 137.86 65.92 111.47 58.94 111.63 38.26 121.11 37.16 123.95 34.85 133.77 66.83 140.17
5 786.00 825.86 794.12 827.95 804.27 802.58 799.32 796.40 786.00 814.17
5 169.25 716.40 189.44 718.08 180.40 698.72 179.92 698.65 167.14 713.03
6 445.78 619.22 439.05 622.29 438.60 624.10 441.01 662.73 458.57 652.56 459.60 648.60
5 403.17 700.81 402.54 712.46 422.96 725.28 451.60 701.41 448.82 690.27
4 74.02 379.41 61.93 380.16 55.23 394.89 79.75 389.44
6 999.26 54.40 969.51 -19.98 960.28 -19.98 930.48 49.86 930.95 56.05 935.62 61.31
7 196.70 512.00 195.70 491.95 169.50 498.50 142.03 522.05 171.29 531.96 179.08 527.91 194.76 514.76
6 527.81 872.74 528.36 872.37 530.88 856.41 527.93 841.64 513.22 835.02 499.74 870.07
5 875.16 613.40 877.82 619.20 923.66 605.45 904.29 588.50 881.95 588.50
9 626.50 783.84 626.50 730.50 620.30 724.30 607.13 719.36 597.62 723.27 597.11 723.70 608.23 792.63 615.74 794.25 624.88 786.57
5 90.71 416.44 87.14 420.74 64.49 464.53 98.18 462.84 110.54 418.35
5 940.91 408.79 955.09 412.88 982.78 390.01 967.72 372.28 938.35 401.65
5 87.14 686.58 82.75 730.51 117.59 727.96 120.15 697.17 104.46 684.70
8 744.21 327.47 745.65 321.35 728.40 306.56 720.30 311.66 714.90 327.43 716.02 344.29 718.75 345.56 733.84 340.23
6 174.69 837.95 158.39 809.42 129.00 828.52 129.00 840.31 140.71 847.63 171.15 846.58
4 649.28 523.05 617.26 525.90 612.36 551.61 663.06 558.37
4 861.31 986.94 876.81 938.25 864.38 931.87 847.05 944.15
5 58.69 148.31 36.99 151.78 28.05 174.12 29.06 175.30 57.52 174.06
5 305.87 336.61 280.14 343.96 295.40 360.40 306.10 353.27 309.35 347.06
7 209.50 529.50 231.44 539.25 236.15 535.48 237.73 527.15 228.73 512.00 196.70 512.00 194.76 514.76
8 917.89 495.53 907.72 488.92 894.80 485.15 869.83 501.24 872.35 519.53 894.72 529.32 918.97 515.28 920.67 499.97
5 545.59 65.93 566.29 75.81 591.14 47.41 591.50 34.50 581.84 24.84
7 666.01 80.19 665.96 79.80 649.74 50.30 642.76 50.67 641.38 51.35 635.85 64.85 653.73 82.73
5 949.69 313.30 951.88 317.00 1017.96 317.00 1017.96 307.41 972.79 296.57
7 116.21 417.06 110.54 418.35 98.18 462.84 111.49 468.92 135.45 459.60 143.46 443.24 130.51 426.49
8 794.40 770.20 788.23 775.93 799.32 796.40 804.27 802.58 819.90 806.14 825.03 802.50 813.34 762.77 798.98 767.21
7 798.91 302.91 823.31 319.55 835.46 316.18 833.17 295.57 831.50 293.33 803.64 288.52 801.20 293.58
5 776.83 411.77 751.75 399.97 741.10 405.64 746.63 417.62 760.66 423.76
6 752.31 383.32 763.93 388.60 779.77 364.84 778.04 361.28 771.28 360.08 748.75 372.15
7 79.88 732.04 82.75 730.51 87.14 686.58 61.13 677.72 60.99 677.84 50.04 692.65 66.94 728.87
5 471.72 133.41 454.91 120.81 436.23 133.02 439.21 143.77 466.68 145.73
7 720.21 51.53 704.58 16.79 694.84 3.04 684.92 23.86 684.33 45.64 700.88 59.54 717.34 54.83
4 874.60 744.60 844.22 714.22 843.17 715.31 852.41 754.11
11 397.06 590.98 397.87 589.76 401.56 578.00 402.97 566.03 401.64 561.03 372.36 554.38 371.53 554.57 364.90 559.62 368.55 573.50 376.17 591.59 388.86 594.56
6 349.99 772.51 343.48 762.59 332.40 752.80 307.84 758.26 312.40 782.20 337.00 787.67
7 836.35 662.38 824.67 656.69 802.27 672.91 804.09 687.09 810.30 693.30 832.75 689.02 842.58 666.42
5 886.58 367.76 864.98 382.61 873.88 406.34 890.62 400.62 903.71 385.89
5 171.89 853.39 171.15 846.58 140.71 847.63 133.82 869.69 145.45 882.61
7 280.14 343.96 305.87 336.61 308.96 322.17 299.41 308.46 281.14 315.86 271.76 325.24 274.45 341.85
8 318.76 911.78 303.53 908.34 294.72 910.33 289.13 916.23 294.89 937.66 299.33 941.00 312.40 941.00 323.58 935.92
5 351.93 332.15 354.51 304.76 342.11 300.76 309.79 322.31 350.24 333.20
7 779.77 364.84 786.11 373.95 800.28 377.85 822.94 368.00 818.28 349.88 794.77 341.33 778.04 361.28
6 219.81 743.04 190.58 736.22 166.53 754.06 176.73 771.90 207.52 774.27 215.63 764.54
5 290.83 243.83 316.96 222.93 302.08 197.23 267.88 209.18 260.90 213.90
5 441.15 280.46 444.21 286.26 473.76 291.73 479.50 274.50 460.62 268.21
7 574.33 949.81 562.74 944.26 556.42 955.69 572.25 1018.98 575.18 1018.98 588.49 971.66 589.46 960.02
7 421.10 476.25 432.46 486.88 454.09 480.55 468.89 471.67 463.25 462.85 430.27 456.25 428.83 456.93
9 931.32 451.77 944.00 456.00 966.81 456.00 975.51 450.28 970.45 430.89 955.09 412.88 940.91 408.79 933.96 416.79 924.51 443.12
7 1009.95 150.23 954.50 156.39 952.85 158.46 955.63 176.35 961.88 184.35 1017.96 203.63 1017.96 150.04
9 459.80 832.71 454.14 843.20 473.66 872.50 490.92 873.80 499.74 870.07 513.22 835.02 508.67 819.09 507.65 818.74 460.77 832.14
6 627.59 300.59 620.70 314.76 637.73 347.76 644.00 344.00 652.31 310.74 648.76 304.24
10 834.20 211.20 845.94 222.94 870.23 220.36 896.42 202.69 898.04 200.65 892.28 177.61 867.27 164.49 866.76 164.55 836.05 189.32 834.62 192.03
6 378.99 208.22 412.14 201.11 404.95 168.77 400.36 165.57 374.10 163.55 377.06 207.95
5 341.95 576.00 295.24 576.00 292.94 593.51 328.43 594.59 343.20 589.35
7 821.77 585.36 817.74 588.72 801.44 614.80 817.02 626.06 826.93 624.46 856.82 611.65 833.55 585.05
6 612.36 551.61 599.02 574.81 608.71 579.86 662.50 569.10 665.74 562.10 663.06 558.37
7 448.86 932.24 433.75 944.42 425.98 973.58 432.59 986.09 472.75 969.35 478.14 939.71 454.44 931.81
5 770.77 529.62 757.31 502.06 718.59 508.17 729.25 529.50 747.96 555.91
6 188.29 357.41 200.24 339.17 172.36 319.55 160.81 323.40 156.34 356.48 175.21 365.42
8 751.59 284.31 753.53 282.58 770.32 250.20 761.42 224.43 757.76 223.26 734.99 253.22 726.88 274.30 741.30 287.65
6 143.46 443.24 135.45 459.60 147.57 490.37 185.08 470.72 182.91 456.89 169.72 441.86
5 144.10 687.70 155.18 709.85 163.47 711.60 170.25 691.25 154.29 675.29
7 680.23 92.69 666.01 80.19 653.73 82.73 626.94 98.56 625.84 106.61 639.38 119.77 679.07 95.96
4 734.52 193.58 696.96 144.29 695.75 144.40 682.82 173.70
4 371.53 554.57 372.36 554.38 380.24 532.72 358.93 529.36
5 309.92 384.93 322.70 374.61 306.10 353.27 295.40 360.40 293.30 371.34
6 342.66 947.12 364.25 966.99 389.14 957.54 380.41 924.07 346.66 927.82 340.71 939.34
8 695.75 144.40 696.96 144.29 722.89 128.97 704.90 94.27 691.35 89.06 680.23 92.69 679.07 95.96 684.03 136.84
8 302.26 627.58 286.97 611.09 266.24 622.77 254.53 650.09 268.19 668.47 270.13 669.39 293.85 665.33 303.33 633.33
7 104.46 684.70 120.15 697.17 144.10 687.70 154.29 675.29 154.69 673.92 138.22 654.17 109.32 659.73
7 1017.96 623.13 1017.96 555.25 998.51 551.62 975.57 565.69 974.70 576.50 999.29 617.49 1014.66 623.42
8 120.24 43.31 107.72 28.05 84.65 21.86 43.48 38.14 42.02 44.02 47.50 49.50 79.95 60.32 119.93 48.15
7 680.76 400.29 671.50 422.79 680.00 425.82 696.82 427.02 699.15 421.82 703.54 401.76 689.97 392.92
5 39.50 578.04 39.50 559.44 22.28 555.90 -19.96 571.46 -19.96 605.48
5 485.52 637.49 485.67 631.33 465.05 599.95 445.78 619.22 459.60 648.60
6 524.27 173.90 525.58 143.64 524.29 141.48 517.52 138.97 499.94 174.12 514.01 186.08
6 864.69 666.89 880.67 650.52 882.27 640.66 846.34 637.39 836.35 662.38 842.58 666.42
8 598.35 574.96 599.02 574.81 612.36 551.61 617.26 525.90 611.50 519.99 588.76 520.60 569.01 556.82 573.53 566.41
5 33.30 517.02 25.31 504.59 -16.08 522.98 26.67 532.85 34.48 524.58
4 671.50 422.79 680.76 400.29 650.44 405.34 660.21 429.24
7 897.34 827.63 900.03 830.50 923.00 830.50 932.23 799.74 930.68 798.28 902.03 796.98 899.27 808.76
4 950.09 962.27 969.46 987.60 984.42 950.21 973.78 944.89
7 123.36 158.24 123.83 170.49 154.50 216.50 164.68 165.59 147.66 153.34 140.21 152.97 125.40 157.35
4 982.21 864.79 947.93 859.07 971.79 872.33 979.00 868.00
6 714.92 711.36 684.90 680.18 682.29 680.76 668.26 715.57 688.83 731.00 701.83 731.00
9 562.41 943.49 562.74 944.26 574.33 949.81 600.90 927.67 600.57 921.74 589.54 906.76 573.70 903.08 573.37 903.43 564.41 914.98
6 400.50 519.25 400.50 525.67 406.48 537.37 436.90 538.32 449.51 527.06 429.04 500.91
6 289.49 401.54 308.73 396.55 309.92 384.93 293.30 371.34 287.00 373.20 273.62 392.16
4 255.87 521.56 268.22 506.74 252.50 501.50 252.50 521.69
6 652.31 310.74 675.09 319.29 679.04 312.79 677.97 297.39 663.26 289.74 648.76 304.24
5 969.60 898.20 979.00 891.36 979.00 868.00 971.79 872.33 969.47 897.79
4 771.49 581.68 746.58 614.89 793.61 616.94 795.49 615.29
5 48.15 693.28 -3.74 681.18 19.65 712.37 31.70 714.27 31.77 714.21
4 905.25 548.87 882.17 583.50 925.50 557.50 924.66 553.31
5 438.56 149.44 422.19 165.81 428.98 171.33 454.30 175.55 451.80 163.56
5 677.97 297.39 679.04 312.79 694.13 313.59 699.07 302.46 681.51 294.93
6 955.15 352.40 965.01 360.67 1017.96 351.84 1017.96 338.68 957.35 331.11 955.06 352.13
6 80.78 176.58 101.80 191.42 123.83 170.49 123.36 158.24 120.93 156.62 82.49 172.45
4 556.42 955.69 536.52 973.20 549.15 1018.98 572.25 1018.98
5 137.08 379.86 121.99 391.65 116.21 417.06 130.51 426.49 159.33 397.67
7 466.25 397.75 479.10 417.55 493.83 424.91 510.50 389.72 510.50 379.39 507.72 378.39 464.16 381.57
7 408.92 140.84 385.54 127.86 376.02 135.31 372.12 142.88 372.99 162.85 374.10 163.55 400.36 165.57
7 813.55 712.80 810.30 693.30 804.09 687.09 787.69 697.24 795.14 715.86 806.67 719.50 807.88 719.50
6 717.34 54.83 700.88 59.54 691.35 89.06 704.90 94.27 724.25 84.98 725.07 75.13
6 250.80 425.40 250.57 428.93 273.17 459.06 275.63 458.49 285.68 431.68 275.17 421.17
8 286.38 749.38 252.54 715.54 240.73 716.95 238.22 722.64 236.99 729.58 250.84 747.16 252.20 748.67 278.00 757.01
9 621.84 654.55 615.04 660.13 617.98 694.40 633.73 708.95 668.05 715.81 668.26 715.57 682.29 680.76 679.00 678.53 632.52 651.19
6 736.80 71.61 750.28 98.56 755.65 102.00 763.50 96.50 767.92 71.46 754.21 56.38
6 637.50 195.00 684.70 195.00 682.46 174.08 667.34 174.57 640.69 185.99 636.85 194.67
7 162.04 240.50 154.31 225.86 124.07 231.40 113.06 238.16 94.21 253.68 118.48 279.00 155.37 270.81
7 150.79 291.86 156.98 321.29 160.81 323.40 172.36 319.55 183.23 299.01 155.92 274.43 154.23 278.08
6 142.08 362.78 137.23 359.34 99.61 361.55 102.51 374.83 121.99 391.65 137.08 379.86
7 882.27 640.66 880.67 650.52 898.11 665.63 934.41 673.14 937.55 671.50 917.81 633.82 883.05 638.28
4 357.27 166.48 335.86 127.95 317.51 177.76 330.28 178.53
6 556.63 119.91 538.10 100.36 521.38 107.05 511.57 134.31 517.52 138.97 524.29 141.48
4 494.76 426.09 499.99 437.84 529.07 432.65 519.14 412.79
5 844.73 763.78 845.29 781.09 864.63 798.28 865.55 797.52 876.33 781.83
4 847.94 538.94 826.45 517.45 819.35 521.51 820.70 548.48
6 467.78 150.78 480.66 163.66 503.08 132.62 495.81 127.60 471.72 133.41 466.68 145.73
6 325.49 436.88 301.07 456.80 311.10 496.91 348.70 483.70 348.06 447.25 328.12 435.85
3 169.96 441.34 193.72 419.65 166.50 401.50
6 645.33 825.49 623.52 809.44 609.72 863.36 616.80 871.17 652.73 866.04 652.05 840.68
7 833.36 135.28 871.31 111.92 871.58 111.14 849.58 94.51 832.61 92.62 831.50 92.97 822.01 109.48
5 718.27 400.21 741.10 405.64 751.75 399.97 750.58 390.65 721.01 395.58
9 917.88 350.27 955.06 352.13 957.35 331.11 951.88 317.00 949.69 313.30 946.87 311.94 936.33 308.83 916.13 326.58 909.85 341.90
5 480.06 65.19 476.33 61.33 464.65 102.21 482.46 104.67 483.22 103.19
5 155.92 274.43 155.37 270.81 118.48 279.00 121.64 296.70 154.23 278.08
7 398.40 686.07 424.45 667.04 417.40 648.23 412.59 644.86 402.94 641.65 387.51 661.48 397.54 685.19
6 228.03 287.85 218.09 253.08 204.26 241.55 176.67 247.07 212.05 286.87 226.60 289.45
5 970.50 229.15 1017.96 210.58 1017.96 203.63 961.88 184.35 948.69 223.94
8 933.98 714.61 957.58 693.16 956.60 680.83 947.99 670.95 937.55 671.50 934.41 673.14 923.40 692.55 922.58 705.69
4 501.19 893.62 498.03 920.48 509.00 921.80 509.00 898.50
6 695.49 984.16 660.32 972.44 655.61 978.39 646.53 995.96 642.43 1018.98 696.94 1018.98
6 166.50 401.50 193.72 419.65 198.41 416.22 190.44 392.33 179.41 387.61 165.85 398.26
8 771.28 360.08 778.04 361.28 794.77 341.33 790.27 313.65 776.81 314.57 773.43 316.06 763.63 329.63 760.34 345.28
6 374.66 384.82 380.64 369.60 378.50 369.83 343.09 381.64 346.24 391.39 367.11 393.21
8 855.11 289.07 864.05 295.04 870.34 294.32 885.30 272.56 885.92 270.03 877.44 263.61 854.69 260.86 851.93 277.41
9 903.71 385.89 890.62 400.62 905.28 415.28 933.96 416.79 940.91 408.79 938.35 401.65 928.62 387.22 923.63 384.79 904.50 385.72
6 536.58 762.49 569.83 792.97 580.06 795.01 585.94 793.56 569.32 739.54 550.16 743.96
5 486.95 337.25 498.49 347.64 520.50 344.50 488.49 323.16 486.68 325.24
7 131.23 991.50 138.70 973.07 127.73 951.82 123.12 947.93 91.19 968.45 97.99 1018.98 111.92 1018.98
6 349.98 990.98 327.50 968.50 299.88 981.25 295.83 988.49 305.99 1018.98 343.87 1018.98
5 120.97 318.29 156.98 321.29 150.79 291.86 121.02 306.74 120.05 309.71
8 363.04 639.66 349.77 628.04 347.76 627.22 339.80 627.44 326.56 656.56 331.11 667.73 346.11 664.66 365.37 648.61
6 844.69 20.59 808.27 2.38 802.28 38.31 803.94 41.50 839.00 41.50 847.21 37.40
5 144.24 132.79 166.60 120.02 158.28 104.30 136.71 106.41 137.62 114.58
7 950.12 810.99 959.71 820.06 973.80 818.14 981.12 807.69 980.25 799.01 959.03 791.37 949.43 805.48
7 94.21 253.68 113.06 238.16 84.41 204.73 63.87 206.51 59.53 212.29 83.15 252.34 87.29 255.36
6 796.75 463.14 787.12 456.62 781.13 458.89 785.42 488.95 789.62 491.75 804.18 482.05
8 94.21 253.68 87.29 255.36 79.00 276.45 79.00 285.56 120.05 309.71 121.02 306.74 121.64 296.70 118.48 279.00
5 923.63 384.79 917.88 350.27 909.85 341.90 904.50 343.77 904.50 385.72
5 488.52 212.38 496.20 173.99 481.08 170.63 463.50 189.62 461.46 203.17
6 402.94 641.65 403.58 638.23 384.13 615.24 363.04 639.66 365.37 648.61 387.51 661.48
6 592.37 793.68 583.84 870.48 609.72 863.36 623.52 809.44 615.74 794.25 608.23 792.63
5 -19.96 878.00 -19.96 933.97 14.19 937.91 20.63 929.33 26.33 878.00
7 748.64 46.26 733.71 47.41 720.21 51.53 717.34 54.83 725.07 75.13 736.80 71.61 754.21 56.38
5 333.58 625.49 302.26 627.58 303.33 633.33 326.56 656.56 339.80 627.44
6 480.66 163.66 467.78 150.78 451.80 163.56 454.30 175.55 463.50 189.62 481.08 170.63
6 561.47 266.75 616.19 233.08 620.50 223.37 618.01 213.25 595.39 211.60 580.45 212.71
6 550.16 743.96 569.32 739.54 572.51 721.04 561.29 709.48 546.48 704.92 543.75 705.48
5 729.25 529.50 718.59 508.17 700.58 495.98 691.04 497.02 694.55 529.50
6 650.44 405.34 680.76 400.29 689.97 392.92 689.78 392.42 628.19 379.22 623.59 386.45
7 358.72 874.26 388.55 877.36 409.04 845.03 401.54 827.46 394.50 815.84 337.00 820.77 333.80 825.61
4 923.40 692.55 934.41 673.14 898.11 665.63 899.29 689.34
6 62.12 319.74 65.45 322.81 103.60 333.88 116.70 325.61 119.04 321.02 72.93 301.26
8 235.59 872.24 207.76 908.03 210.29 910.37 253.02 919.61 259.96 913.69 256.47 886.47 242.64 874.02 236.82 872.04
7 694.03 447.98 684.45 455.64 690.63 496.83 691.04 497.02 700.58 495.98 729.73 471.24 729.04 468.40
5 74.18 951.93 91.19 968.45 123.12 947.93 121.74 932.47 80.20 938.01
7 705.26 794.48 710.17 808.39 716.21 817.96 740.17 795.84 742.29 784.28 711.00 789.50 705.89 793.21
10 767.29 457.43 769.89 461.33 781.13 458.89 787.12 456.62 795.52 426.05 792.65 419.64 777.53 411.58 776.83 411.77 760.66 423.76 760.59 423.93
8 553.66 286.37 557.10 280.73 557.53 273.56 547.04 255.07 514.23 214.80 503.00 218.99 493.62 250.03 494.24 251.16
4 662.50 580.88 626.49 603.05 636.10 639.59 670.55 606.26
8 686.22 235.85 687.16 231.33 680.15 221.58 675.34 221.80 649.27 246.57 653.40 263.11 656.64 264.91 673.62 262.62
5 606.57 447.54 638.72 465.48 660.54 447.18 658.73 433.44 612.50 422.56
6 967.36 904.93 962.22 904.39 938.45 916.27 943.58 940.19 946.71 937.84 967.58 905.37
5 646.53 995.96 655.61 978.39 618.33 954.67 604.60 958.10 616.05 973.95
6 904.29 588.50 929.04 568.12 925.50 557.50 882.17 583.50 880.84 585.09 881.95 588.50
4 25.25 115.75 39.93 101.07 25.45 91.70 19.88 113.96
7 82.63 392.05 86.08 410.44 90.71 416.44 110.54 418.35 116.21 417.06 121.99 391.65 102.51 374.83
8 341.55 401.85 327.19 422.25 328.12 435.85 348.06 447.25 371.66 439.25 374.61 428.45 375.05 419.87 371.34 411.78
7 495.81 127.60 494.36 123.57 482.46 104.67 464.65 102.21 458.02 104.22 454.91 120.81 471.72 133.41
6 169.21 971.88 169.32 972.20 208.21 981.93 219.17 964.17 218.92 963.92 199.12 958.42
6 324.32 702.80 315.64 708.22 315.91 713.27 325.60 737.50 328.21 738.63 337.70 727.87
5 640.13 121.98 625.30 150.50 638.28 166.72 659.43 145.57 662.49 138.94
5 561.47 266.75 557.53 273.56 557.10 280.73 611.69 275.04 616.19 233.08
7 951.35 538.40 959.77 556.17 970.96 564.73 975.57 565.69 998.51 551.62 975.11 526.55 961.37 524.46
4 249.00 759.33 232.14 770.57 238.46 778.15 249.00 781.67
5 725.98 904.43 716.04 871.32 714.85 870.73 685.60 890.84 714.61 907.42
4 620.30 724.30 633.73 708.95 617.98 694.40 607.13 719.36
6 458.57 652.56 467.30 660.62 486.78 664.95 488.03 644.24 485.52 637.49 459.60 648.60
7 511.87 89.37 515.45 97.87 521.38 107.05 538.10 100.36 540.68 65.60 540.31 65.40 537.95 64.74
5 797.93 120.10 822.01 109.48 831.50 92.97 811.95 80.32 780.18 103.01
6 338.58 351.67 350.24 333.20 309.79 322.31 308.96 322.17 305.87 336.61 309.35 347.06
5 559.79 196.08 580.45 212.71 595.39 211.60 590.41 171.78 559.80 195.84
5 513.38 748.48 521.14 723.66 487.00 701.39 473.71 719.30 476.75 730.84
7 289.49 401.54 285.93 415.79 298.87 426.74 325.49 436.88 328.12 435.85 327.19 422.25 308.73 396.55
6 147.66 153.34 169.19 131.81 167.64 121.27 166.60 120.02 144.24 132.79 140.21 152.97
7 819.35 521.51 796.51 518.36 784.56 522.14 775.24 528.96 803.90 551.00 817.74 552.68 820.70 548.48
7 803.90 551.00 798.42 563.54 803.20 575.50 817.74 588.72 821.77 585.36 819.83 557.31 817.74 552.68
4 179.08 527.91 209.50 544.50 209.50 529.50 194.76 514.76
9 142.03 522.05 141.82 522.00 135.05 524.55 123.91 547.21 145.39 584.81 151.28 584.93 157.15 582.46 174.28 541.77 171.29 531.96
5 102.89 629.55 136.00 633.69 141.02 620.00 133.44 599.33 110.04 601.73
7 196.94 631.78 184.78 644.80 181.68 650.87 181.00 657.88 182.00 658.62 212.56 650.98 205.00 633.34
5 991.26 616.32 999.29 617.49 974.70 576.50 954.49 594.87 954.50 594.88
7 301.64 300.80 299.41 308.46 308.96 322.17 309.79 322.31 342.11 300.76 335.72 298.02 307.27 292.75
6 198.11 714.62 204.76 692.00 197.95 688.00 180.40 698.72 189.44 718.08 191.13 719.51
8 252.50 501.50 245.69 492.42 241.59 490.54 239.64 491.64 233.92 496.92 228.73 512.00 237.73 527.15 252.50 521.69
4 821.08 912.00 831.24 910.01 860.53 879.00 806.60 879.00
5 478.14 939.71 488.10 930.80 488.93 925.21 479.00 916.18 454.44 931.81
4 335.72 298.02 330.60 262.22 307.38 288.03 307.27 292.75
8 591.50 34.50 609.35 34.50 618.86 9.77 601.01 -19.98 579.68 -19.98 581.16 21.50 581.60 24.23 581.84 24.84
5 276.51 490.37 272.81 459.84 245.90 474.91 241.59 490.54 245.69 492.42
6 488.03 644.24 507.50 646.83 526.50 640.50 497.44 628.39 485.67 631.33 485.52 637.49
5 455.51 442.61 479.10 417.55 466.25 397.75 437.43 426.57 449.29 438.96
7 808.68 938.43 821.08 912.00 806.60 879.00 801.34 873.01 782.23 876.09 772.61 897.35 806.12 938.03
6 323.94 676.71 305.00 674.00 287.46 709.08 315.64 708.22 324.32 702.80 327.65 697.94
5 728.72 436.61 699.15 421.82 696.82 427.02 697.33 442.30 728.00 440.68
6 969.46 987.60 950.09 962.27 940.27 956.76 901.35 994.19 891.34 1018.98 982.27 1018.98
4 121.64 296.70 121.02 306.74 150.79 291.86 154.23 278.08
4 568.58 503.65 567.14 499.86 529.39 537.61 551.93 542.51
5 430.27 456.25 463.25 462.85 455.51 442.61 449.29 438.96 432.00 453.79
7 1002.54 491.50 1017.96 482.85 1017.96 465.50 975.51 450.28 966.81 456.00 964.62 464.48 974.75 491.50
7 789.62 491.75 785.42 488.95 756.62 486.33 757.31 502.06 770.77 529.62 775.24 528.96 784.56 522.14
6 52.74 795.09 68.79 805.12 73.95 798.49 71.00 765.98 48.64 763.40 47.22 764.72
9 622.33 280.48 611.69 275.04 557.10 280.73 553.66 286.37 552.95 289.20 560.13 300.41 603.09 317.87 620.70 314.76 627.59 300.59
6 706.20 284.22 709.67 274.77 702.99 267.32 699.43 266.67 684.60 267.16 682.56 293.67
6 374.10 163.55 372.99 162.85 357.27 166.48 330.28 178.53 361.24 219.26 377.06 207.95
6 394.50 815.84 401.54 827.46 435.47 797.78 433.64 794.73 421.30 788.08 394.07 802.34
7 811.50 942.97 813.27 959.81 815.21 963.79 845.88 1018.98 860.51 1018.98 861.31 986.94 847.05 944.15
6 432.00 425.73 430.06 425.23 413.29 436.22 428.83 456.93 430.27 456.25 432.00 453.79
5 118.33 866.99 133.82 869.69 140.71 847.63 129.00 840.31 104.89 855.38
7 203.60 808.40 203.07 809.81 199.56 826.36 226.43 831.34 233.00 829.08 233.00 804.81 216.37 795.63
6 970.50 256.15 970.50 229.15 948.69 223.94 937.10 226.12 929.52 261.00 947.89 264.06
7 503.00 218.99 514.23 214.80 516.82 211.37 514.01 186.08 499.94 174.12 496.20 173.99 488.52 212.38
6 503.92 974.64 490.47 970.16 472.75 969.35 432.59 986.09 431.98 1018.98 508.47 1018.98
7 501.69 305.70 532.21 301.27 552.95 289.20 553.66 286.37 494.24 251.16 489.97 271.64 498.87 302.78
6 166.60 120.02 167.64 121.27 205.13 113.77 197.38 82.01 162.93 96.62 158.28 104.30
4 839.66 288.04 855.11 289.07 851.93 277.41 841.07 279.59
8 445.17 310.17 444.21 286.26 441.15 280.46 418.12 264.83 409.98 270.59 401.30 305.30 417.00 321.00 430.00 321.00
5 689.79 205.98 684.70 195.00 637.50 195.00 675.34 221.80 680.15 221.58
5 982.78 390.01 955.09 412.88 970.45 430.89 1017.96 397.35 1017.96 390.89
5 120.65 50.25 107.83 97.69 112.86 101.88 125.06 102.61 147.70 67.04
6 219.17 964.17 241.98 966.75 251.63 934.55 253.02 919.61 210.29 910.37 218.92 963.92
5 430.00 321.00 417.00 321.00 400.32 346.78 400.62 346.90 430.00 345.57
4 349.77 628.04 370.33 592.79 343.31 589.41 347.76 627.22
6 371.53 554.57 358.93 529.36 351.55 525.36 347.80 532.02 353.05 558.26 364.90 559.62
6 729.50 427.90 717.64 400.63 703.54 401.76 699.15 421.82 728.72 436.61 729.50 434.58
5 302.08 197.23 315.04 178.26 290.48 143.72 264.64 144.20 267.88 209.18
6 452.69 373.57 458.76 375.83 486.95 337.25 486.68 325.24 455.83 320.83 447.81 360.95
6 422.03 21.50 406.34 45.75 408.69 58.40 429.59 80.69 465.94 48.27 433.63 8.77
5 564.41 914.98 573.37 903.43 530.07 881.79 530.35 888.81 558.12 913.50
6 483.22 103.19 482.46 104.67 494.36 123.57 501.71 107.03 503.90 91.70 496.31 92.12
6 418.44 252.27 411.75 248.25 358.61 230.54 376.39 274.02 409.98 270.59 418.12 264.83
5 1002.54 491.50 975.11 526.55 998.51 551.62 1017.96 555.25 1017.96 482.85
6 718.75 345.56 732.23 368.85 748.75 372.15 771.28 360.08 760.34 345.28 733.84 340.23
7 959.77 556.17 951.35 538.40 928.66 547.62 924.66 553.31 925.50 557.50 929.04 568.12 935.76 574.18
5 490.47 970.16 503.92 974.64 513.53 968.32 516.94 946.51 495.53 939.82
7 141.02 620.00 158.96 620.00 166.06 615.38 167.57 612.61 151.28 584.93 145.39 584.81 133.44 599.33
6 804.18 482.05 789.62 491.75 784.56 522.14 796.51 518.36 810.90 492.79 806.24 483.47
5 609.87 72.80 619.64 80.06 635.85 64.85 641.38 51.35 621.44 46.36
7 625.84 106.61 583.87 122.22 592.90 147.40 595.70 150.50 625.30 150.50 640.13 121.98 639.38 119.77
6 30.21 735.18 30.00 736.00 30.00 766.88 47.22 764.72 48.64 763.40 50.21 740.78
5 371.66 439.25 391.17 448.23 413.12 436.25 403.09 414.20 374.61 428.45
6 794.34 141.12 828.65 147.72 832.71 145.98 833.36 135.28 822.01 109.48 797.93 120.10
5 653.69 755.87 664.83 731.83 668.03 715.84 626.50 730.50 626.50 783.84
5 530.35 888.81 525.06 900.07 529.81 905.88 548.10 913.50 558.12 913.50
6 33.16 274.20 24.65 275.15 11.01 290.03 19.00 306.00 36.99 304.36 37.82 280.20
8 533.43 61.16 529.58 56.12 496.27 32.18 469.47 48.80 476.33 61.33 480.06 65.19 484.08 67.67 497.38 71.46
7 138.22 654.17 138.62 640.34 136.00 633.69 102.89 629.55 98.30 634.00 97.60 640.60 109.32 659.73
6 864.63 798.28 855.90 822.27 857.91 829.24 897.34 827.63 899.27 808.76 865.55 797.52
5 921.01 881.91 904.90 886.39 908.29 906.75 938.45 916.27 962.22 904.39
5 260.99 803.10 270.14 799.09 268.17 780.34 249.73 782.55 245.69 796.97
5 865.55 797.52 899.27 808.76 902.03 796.98 897.94 779.13 876.33 781.83
6 215.75 126.88 182.71 143.39 182.09 161.53 203.86 178.05 219.25 171.25 233.90 135.95
6 -16.08 522.98 25.31 504.59 34.89 461.98 16.83 446.54 -19.96 443.65 -19.96 523.85
6 153.52 925.71 161.91 919.61 177.76 904.56 145.30 888.88 136.63 896.68 131.22 920.33
7 684.60 267.16 673.62 262.62 656.64 264.91 663.26 289.74 677.97 297.39 681.51 294.93 682.56 293.67
5 680.92 47.74 684.33 45.64 684.92 23.86 656.92 31.23 650.89 49.32
5 22.28 555.90 26.67 532.85 -16.08 522.98 -19.96 523.85 -19.96 571.46
6 436.90 538.32 440.55 562.07 441.37 562.93 467.93 548.45 456.26 526.77 449.51 527.06
7 406.34 45.75 349.49 28.70 335.60 55.79 339.66 76.51 343.42 77.88 363.34 81.08 408.69 58.40
9 214.22 566.79 219.19 557.10 219.79 554.79 209.50 544.50 179.08 527.91 171.29 531.96 174.28 541.77 194.03 566.01 207.23 570.88
7 860.53 879.00 862.64 877.91 848.12 842.03 816.36 845.02 815.35 845.52 801.34 873.01 806.60 879.00
7 44.75 910.37 20.63 929.33 14.19 937.91 41.78 957.29 42.89 957.50 50.50 953.32 50.50 925.06
6 194.03 566.01 171.95 583.95 190.84 605.53 194.83 606.50 205.06 598.38 207.23 570.88
5 463.50 189.62 454.30 175.55 428.98 171.33 444.67 214.46 461.46 203.17
6 911.50 157.48 952.85 158.46 954.50 156.39 954.12 141.48 914.07 124.31 911.50 126.80
9 844.73 763.78 876.33 781.83 897.94 779.13 907.29 755.98 899.66 747.47 886.90 740.71 874.60 744.60 852.41 754.11 844.59 763.49
5 694.95 0.68 723.93 9.50 760.28 9.50 767.37 -19.98 689.29 -19.98
4 716.23 974.15 695.49 984.16 696.94 1018.98 722.34 1018.98
7 351.21 -15.48 289.21 19.95 286.10 26.73 317.36 50.63 335.60 55.79 349.49 28.70 350.38 21.50
6 25.97 362.23 39.15 406.17 44.83 404.55 55.23 394.89 61.93 380.16 45.57 365.29
6 897.94 779.13 902.03 796.98 930.68 798.28 939.05 764.82 928.04 754.68 907.29 755.98
7 50.50 953.32 42.89 957.50 48.79 995.87 59.24 1018.98 97.99 1018.98 91.19 968.45 74.18 951.93
4 285.68 431.68 298.87 426.74 285.93 415.79 275.17 421.17
6 637.68 907.12 622.59 896.51 589.54 906.76 600.57 921.74 632.39 924.18 644.95 920.80
6 232.14 770.57 229.00 769.00 215.63 764.54 207.52 774.27 216.24 794.82 238.46 778.15
6 924.68 265.97 899.00 264.43 885.92 270.03 885.30 272.56 900.35 298.14 933.23 303.62
5 982.63 681.67 956.60 680.83 957.58 693.16 964.85 707.69 994.51 689.89
5 171.95 583.95 157.15 582.46 151.28 584.93 167.57 612.61 190.84 605.53
5 536.52 973.20 513.53 968.32 503.92 974.64 508.47 1018.98 549.15 1018.98
6 401.11 398.64 399.84 382.72 381.69 368.51 380.64 369.60 374.66 384.82 390.11 402.49
6 869.83 501.24 894.80 485.15 892.23 448.35 851.66 458.87 844.51 469.17 852.12 491.56
4 209.50 544.50 219.79 554.79 231.44 539.25 209.50 529.50
6 552.55 200.05 547.04 255.07 557.53 273.56 561.47 266.75 580.45 212.71 559.79 196.08
6 87.14 420.74 29.81 426.47 16.83 446.54 34.89 461.98 58.71 467.78 64.49 464.53
5 757.76 223.26 745.34 213.48 707.09 237.02 708.19 250.24 734.99 253.22
5 229.00 769.00 250.84 747.16 236.99 729.58 219.81 743.04 215.63 764.54
5 785.42 488.95 781.13 458.89 769.89 461.33 754.52 478.74 756.62 486.33
11 716.02 344.29 694.50 352.01 687.70 369.00 689.78 392.42 689.97 392.92 703.54 401.76 717.64 400.63 718.27 400.21 721.01 395.58 732.23 368.85 718.75 345.56
7 617.69 390.33 611.91 410.10 612.50 422.56 658.73 433.44 660.21 429.24 650.44 405.34 623.59 386.45
7 457.92 783.45 486.85 785.77 491.54 783.84 498.68 770.85 461.14 753.79 445.60 759.77 447.90 766.19
4 837.85 802.50 855.90 822.27 864.63 798.28 845.29 781.09
4 888.72 18.54 930.48 49.86 960.28 -19.98 877.97 -19.98
4 349.49 28.70 406.34 45.75 422.03 21.50 350.38 21.50
7 469.47 48.80 465.94 48.27 429.59 80.69 429.55 81.02 458.02 104.22 464.65 102.21 476.33 61.33
8 68.79 805.12 69.98 821.76 89.26 829.73 103.37 820.84 114.77 790.92 107.22 786.55 97.92 787.30 73.95 798.49
4 367.11 393.21 346.24 391.39 341.55 401.85 371.34 411.78
8 160.81 323.40 156.98 321.29 120.97 318.29 119.04 321.02 116.70 325.61 137.23 359.34 142.08 362.78 156.34 356.48
4 167.14 713.03 179.92 698.65 170.25 691.25 163.47 711.60
5 826.45 517.45 834.55 501.80 810.90 492.79 796.51 518.36 819.35 521.51
6 795.14 715.86 772.66 721.86 771.42 726.83 785.87 734.43 787.68 733.74 806.67 719.50
5 714.00 735.56 701.83 731.00 688.83 731.00 696.34 742.26 714.53 747.11
4 547.31 612.04 549.36 587.90 524.25 576.13 514.87 599.57
5 998.71 691.92 974.35 727.35 982.55 735.55 1017.96 740.71 1017.96 691.47
7 297.78 788.14 312.40 782.20 307.84 758.26 291.57 745.69 286.38 749.38 278.00 757.01 278.00 770.93
7 129.00 840.31 129.00 828.52 125.42 825.48 103.37 820.84 89.26 829.73 102.70 855.19 104.89 855.38
4 607.33 939.61 632.39 924.18 600.57 921.74 600.90 927.67
9 484.67 474.67 494.68 470.99 499.99 437.84 494.76 426.09 493.83 424.91 479.10 417.55 455.51 442.61 463.25 462.85 468.89 471.67
5 208.21 981.93 169.32 972.20 173.41 991.50 188.40 1018.98 190.21 1018.98
5 967.72 372.28 982.78 390.01 1017.96 390.89 1017.96 351.84 965.01 360.67
6 803.48 278.33 821.63 258.48 797.83 220.04 781.18 216.04 761.42 224.43 770.32 250.20
6 240.82 582.51 235.66 606.58 266.24 622.77 286.97 611.09 290.16 597.58 250.09 577.54
5 503.90 91.70 501.71 107.03 515.45 97.87 511.87 89.37 509.80 89.22
6 296.10 562.92 306.82 549.65 300.85 512.30 300.77 512.13 268.77 529.91 267.75 551.25
6 479.50 274.50 489.97 271.64 494.24 251.16 493.62 250.03 475.58 251.58 460.62 268.21
6 349.99 772.51 337.00 787.67 337.00 820.77 394.50 815.84 394.07 802.34 379.60 769.00
6 696.96 144.29 734.52 193.58 735.88 194.80 756.51 151.75 742.26 129.31 722.89 128.97
6 248.55 56.43 282.00 62.87 317.36 50.63 286.10 26.73 281.85 26.54 249.89 49.37
6 376.39 274.02 362.82 283.18 356.13 302.83 394.25 310.45 401.30 305.30 409.98 270.59
7 162.04 240.50 176.67 247.07 204.26 241.55 221.04 222.19 191.40 202.43 155.98 221.56 154.31 225.86
8 720.30 311.66 728.40 306.56 739.70 293.57 741.30 287.65 726.88 274.30 709.67 274.77 706.20 284.22 708.40 297.38
6 363.04 639.66 384.13 615.24 388.86 594.56 376.17 591.59 370.33 592.79 349.77 628.04
7 228.00 664.50 225.71 692.00 237.33 705.50 268.19 668.47 254.53 650.09 239.77 653.05 228.12 664.32
6 280.75 806.17 293.93 802.26 297.78 788.14 278.00 770.93 268.17 780.34 270.14 799.09
5 964.85 707.69 957.58 693.16 933.98 714.61 942.11 733.59 970.02 725.51
5 337.70 727.87 328.21 738.63 332.40 752.80 343.48 762.59 352.48 726.59
7 485.67 631.33 497.44 628.39 511.15 615.82 507.44 603.48 482.59 593.53 465.28 598.83 465.05 599.95
4 21.33 770.67 30.00 766.88 30.00 736.00 10.50 765.25
5 248.56 46.40 249.89 49.37 281.85 26.54 245.90 -19.98 241.45 -19.98
8 343.09 381.64 335.23 370.05 322.70 374.61 309.92 384.93 308.73 396.55 327.19 422.25 341.55 401.85 346.24 391.39
5 400.32 346.78 417.00 321.00 401.30 305.30 394.25 310.45 384.50 347.83
5 484.08 67.67 496.31 92.12 503.90 91.70 509.80 89.22 497.38 71.46
5 191.60 832.92 216.63 859.88 217.48 859.95 226.43 831.34 199.56 826.36
9 864.98 382.61 850.78 371.96 834.70 377.19 830.50 397.12 845.21 418.84 845.69 419.17 849.00 420.18 869.39 414.11 873.88 406.34
5 212.56 650.98 182.00 658.62 188.71 664.50 228.00 664.50 228.12 664.32
7 831.50 293.33 839.66 288.04 841.07 279.59 834.24 254.56 821.63 258.48 803.48 278.33 803.64 288.52
6 198.11 714.62 191.13 719.51 190.58 736.22 219.81 743.04 236.99 729.58 238.22 722.64
7 650.89 49.32 656.92 31.23 644.00 14.00 637.78 17.56 634.98 23.41 642.76 50.67 649.74 50.30
4 924.51 443.12 933.96 416.79 905.28 415.28 892.73 447.89
5 79.95 60.32 100.51 97.31 107.83 97.69 120.65 50.25 119.93 48.15
5 431.42 765.29 442.84 758.52 437.10 746.78 382.53 757.69 380.55 767.41
8 75.45 141.50 110.60 143.63 112.86 101.88 107.83 97.69 100.51 97.31 68.92 107.18 65.92 111.47 69.69 137.86
5 846.34 637.39 826.93 624.46 817.02 626.06 824.67 656.69 836.35 662.38
4 726.31 27.65 704.58 16.79 720.21 51.53 733.71 47.41
6 277.77 851.02 268.33 852.00 242.64 874.02 256.47 886.47 271.59 879.22 279.05 855.58
4 815.21 963.79 774.25 1004.75 778.28 1018.98 845.88 1018.98
6 -13.05 134.01 19.88 113.96 25.45 91.70 13.88 61.82 -19.96 66.89 -19.96 135.39
5 245.90 474.91 227.20 458.42 219.02 471.02 239.64 491.64 241.59 490.54
6 454.91 120.81 458.02 104.22 429.55 81.02 412.00 103.22 422.04 125.54 436.23 133.02
7 169.25 716.40 167.14 713.03 163.47 711.60 155.18 709.85 139.84 744.36 145.90 749.77 164.35 753.10
5 412.14 201.11 378.99 208.22 411.75 248.25 418.44 252.27 435.20 220.33
8 282.28 500.08 300.65 511.20 311.10 496.91 301.07 456.80 275.63 458.49 273.17 459.06 272.81 459.84 276.51 490.37
6 286.38 749.38 291.57 745.69 292.22 743.89 286.34 709.54 283.10 708.30 252.54 715.54
9 465.28 598.83 465.03 598.41 458.64 593.33 397.87 589.76 397.06 590.98 420.78 619.01 439.05 622.29 445.78 619.22 465.05 599.95
5 602.26 957.34 607.33 939.61 600.90 927.67 574.33 949.81 589.46 960.02
4 787.69 697.24 768.48 699.54 772.66 721.86 795.14 715.86
7 237.73 527.15 236.15 535.48 257.84 553.23 267.75 551.25 268.77 529.91 255.87 521.56 252.50 521.69
6 537.97 838.10 552.58 841.94 559.99 842.24 580.06 795.01 569.83 792.97 532.40 807.43
6 118.33 866.99 104.89 855.38 102.70 855.19 83.17 878.33 109.02 891.87 116.83 889.49
7 453.05 683.42 453.16 683.77 487.00 687.15 490.76 681.76 490.59 673.77 486.78 664.95 467.30 660.62
6 607.13 719.36 617.98 694.40 615.04 660.13 603.79 663.34 591.54 683.77 597.62 723.27
7 335.72 298.02 342.11 300.76 354.51 304.76 356.13 302.83 362.82 283.18 333.03 258.36 330.60 262.22
5 583.87 122.22 580.31 120.09 550.13 160.33 556.42 171.72 592.90 147.40
5 559.99 842.24 552.58 841.94 530.88 856.41 528.36 872.37 564.75 866.68
6 808.48 402.44 792.65 419.64 795.52 426.05 803.27 428.16 845.21 418.84 830.50 397.12
4 140.21 152.97 144.24 132.79 137.62 114.58 125.40 157.35
7 433.63 8.77 465.94 48.27 469.47 48.80 496.27 32.18 499.45 22.65 489.03 -19.98 431.79 -19.98
5 901.16 883.33 871.00 881.77 859.55 921.81 862.72 927.28 904.14 885.86
5 66.94 728.87 50.04 692.65 48.15 693.28 31.77 714.21 58.35 734.14
5 490.59 673.77 490.76 681.76 525.82 686.28 529.85 658.03 507.50 662.50
5 303.34 965.06 299.88 981.25 327.50 968.50 327.50 959.44 322.29 957.48
6 747.93 917.44 746.50 918.08 746.50 968.32 748.35 969.51 756.24 972.04 785.22 941.75
4 686.22 235.85 673.62 262.62 684.60 267.16 699.43 266.67
7 542.04 705.51 521.14 723.66 513.38 748.48 514.47 754.02 536.58 762.49 550.16 743.96 543.75 705.48
8 788.23 775.93 794.40 770.20 765.79 732.05 756.24 737.11 742.05 764.75 742.04 764.76 746.78 773.38 778.61 778.68
4 173.41 991.50 131.23 991.50 111.92 1018.98 188.40 1018.98
6 133.44 599.33 145.39 584.81 123.91 547.21 86.49 566.67 85.63 576.50 110.04 601.73
5 4.09 985.56 41.78 957.29 14.19 937.91 -19.96 933.97 -19.96 994.30
3 548.10 913.50 529.81 905.88 520.74 924.02
4 39.93 101.07 25.25 115.75 38.26 121.11 58.94 111.63
9 380.24 532.72 400.50 525.67 400.50 519.25 385.73 500.79 377.69 497.13 359.34 496.03 351.30 523.51 351.55 525.36 358.93 529.36
6 641.82 478.41 611.50 500.07 611.50 519.99 617.26 525.90 649.28 523.05 663.34 501.24
4 227.67 31.48 248.56 46.40 241.45 -19.98 236.25 -19.98
7 930.44 612.80 954.12 627.27 954.50 627.04 954.50 594.88 954.49 594.87 943.63 591.46 930.22 608.23
8 767.92 71.46 797.79 57.67 803.94 41.50 802.28 38.31 761.50 20.47 754.71 30.90 748.64 46.26 754.21 56.38
4 123.15 -19.98 87.64 -19.98 84.65 21.86 107.72 28.05
6 283.10 708.30 270.13 669.39 268.19 668.47 237.33 705.50 240.73 716.95 252.54 715.54
6 155.98 221.56 191.40 202.43 203.86 178.05 182.09 161.53 164.68 165.59 154.50 216.50
5 816.36 845.02 819.90 806.14 804.27 802.58 794.12 827.95 815.35 845.52
4 530.88 856.41 552.58 841.94 537.97 838.10 527.93 841.64
8 50.21 740.78 48.64 763.40 71.00 765.98 79.88 758.95 81.32 756.41 79.88 732.04 66.94 728.87 58.35 734.14
4 588.76 520.60 568.58 503.65 551.93 542.51 569.01 556.82
4 954.12 141.48 956.01 129.85 920.19 116.07 914.07 124.31
5 556.42 171.72 550.13 160.33 525.58 143.64 524.27 173.90 555.90 182.34
4 721.00 716.57 714.92 711.36 701.83 731.00 714.00 735.56
4 480.06 65.19 483.22 103.19 496.31 92.12 484.08 67.67
5 364.25 966.99 342.66 947.12 327.50 959.44 327.50 968.50 349.98 990.98
5 772.61 897.35 750.49 914.11 747.93 917.44 785.22 941.75 806.12 938.03
4 516.82 211.37 514.23 214.80 547.04 255.07 552.55 200.05
7 153.52 925.71 131.22 920.33 123.15 926.44 121.74 932.47 123.12 947.93 127.73 951.82 159.08 943.98
7 163.24 801.85 158.31 808.42 158.39 809.42 174.69 837.95 191.60 832.92 199.56 826.36 203.07 809.81
8 994.54 641.17 1014.66 623.42 999.29 617.49 991.26 616.32 954.50 627.04 954.12 627.27 953.07 631.64 956.68 658.14
9 592.00 617.93 621.84 654.55 632.52 651.19 636.10 639.59 626.49 603.05 608.71 579.86 599.02 574.81 598.35 574.96 592.00 597.80
5 841.75 468.25 825.77 456.83 796.75 463.14 804.18 482.05 806.24 483.47
8 302.82 814.61 319.56 828.67 333.80 825.61 337.00 820.77 337.00 787.67 312.40 782.20 297.78 788.14 293.93 802.26
5 964.85 707.69 970.02 725.51 974.35 727.35 998.71 691.92 994.51 689.89
5 253.20 96.00 282.00 96.00 282.00 62.87 248.55 56.43 240.68 67.70
4 644.00 344.00 674.57 337.21 675.09 319.29 652.31 310.74
4 367.50 114.00 376.02 135.31 385.54 127.86 393.98 114.00
5 330.94 244.33 331.85 241.69 316.96 222.93 290.83 243.83 297.07 254.75
6 271.59 879.22 256.47 886.47 259.96 913.69 289.13 916.23 294.72 910.33 290.40 886.15
5 954.42 771.77 959.03 791.37 980.25 799.01 997.93 782.14 970.50 764.68
7 226.43 831.34 217.48 859.95 235.59 872.24 236.82 872.04 244.31 837.58 243.37 834.59 233.00 829.08
6 880.84 585.09 862.51 564.54 833.55 585.05 856.82 611.65 875.16 613.40 881.95 588.50
6 851.26 307.08 864.05 295.04 855.11 289.07 839.66 288.04 831.50 293.33 833.17 295.57
4 823.55 445.74 845.69 419.17 845.21 418.84 803.27 428.16
6 80.35 932.65 73.43 919.96 50.50 925.06 50.50 953.32 74.18 951.93 80.20 938.01
6 79.00 276.45 87.29 255.36 83.15 252.34 37.22 253.92 33.16 274.20 37.82 280.20
7 590.41 171.78 596.85 162.37 595.70 150.50 592.90 147.40 556.42 171.72 555.90 182.34 559.80 195.84
4 43.48 38.14 84.65 21.86 87.64 -19.98 26.53 -19.98
5 98.30 634.00 56.78 611.76 56.60 611.90 68.61 659.93 97.60 640.60
5 967.61 101.68 959.03 124.77 1009.95 150.23 1017.96 150.04 1017.96 111.55
3 991.26 616.32 954.50 594.88 954.50 627.04
7 281.60 844.33 277.77 851.02 279.05 855.58 299.16 873.01 304.51 871.53 310.91 868.56 309.82 839.03
8 234.40 223.19 256.20 219.40 260.52 214.03 253.00 205.00 219.25 171.25 203.86 178.05 191.40 202.43 221.04 222.19
5 72.93 301.26 119.04 321.02 120.97 318.29 120.05 309.71 79.00 285.56
7 283.82 946.62 267.68 971.45 295.83 988.49 299.88 981.25 303.34 965.06 299.33 941.00 294.89 937.66
5 786.00 814.17 799.32 796.40 788.23 775.93 778.61 778.68 777.92 787.24
6 473.47 552.87 467.93 548.45 441.37 562.93 447.40 578.00 458.64 593.33 465.03 598.41
6 343.31 589.41 343.20 589.35 328.43 594.59 333.58 625.49 339.80 627.44 347.76 627.22
4 683.90 812.87 653.21 824.56 705.46 840.64 708.87 832.58
6 39.15 406.17 29.81 426.47 87.14 420.74 90.71 416.44 86.08 410.44 44.83 404.55
6 666.74 938.72 660.32 972.44 695.49 984.16 716.23 974.15 720.81 967.81 716.20 960.70
7 331.11 667.73 323.94 676.71 327.65 697.94 349.26 701.43 350.83 699.59 352.70 677.10 346.11 664.66
6 106.52 914.29 98.98 914.02 80.35 932.65 80.20 938.01 121.74 932.47 123.15 926.44
7 882.17 583.50 905.25 548.87 904.56 548.24 863.02 555.16 862.49 564.41 862.51 564.54 880.84 585.09
4 509.00 921.80 516.02 923.20 517.48 902.74 509.00 898.50
4 310.91 868.56 304.51 871.53 309.68 897.40 328.28 876.94
7 22.77 358.95 -19.96 351.93 -19.96 443.65 16.83 446.54 29.81 426.47 39.15 406.17 25.97 362.23
4 946.71 937.84 971.57 935.58 977.25 914.74 967.58 905.37
4 73.95 798.49 97.92 787.30 79.88 758.95 71.00 765.98
6 219.79 554.79 219.19 557.10 252.03 564.40 257.84 553.23 236.15 535.48 231.44 539.25
6 777.48 409.90 777.53 411.58 792.65 419.64 808.48 402.44 800.28 377.85 786.11 373.95
4 236.82 872.04 242.64 874.02 268.33 852.00 244.31 837.58
8 970.02 725.51 942.11 733.59 928.04 754.68 939.05 764.82 954.42 771.77 970.50 764.68 982.55 735.55 974.35 727.35
4 951.88 317.00 957.35 331.11 1017.96 338.68 1017.96 317.00
5 379.60 769.00 394.07 802.34 421.30 788.08 431.42 765.29 380.55 767.41
7 790.27 313.65 794.77 341.33 818.28 349.88 820.76 347.50 826.50 335.50 823.31 319.55 798.91 302.91
4 941.13 582.13 970.96 564.73 959.77 556.17 935.76 574.18
6 272.81 459.84 273.17 459.06 250.57 428.93 226.09 448.67 227.20 458.42 245.90 474.91
5 136.00 633.69 138.62 640.34 161.59 637.06 158.96 620.00 141.02 620.00
4 458.38 893.16 406.37 895.16 423.44 920.37 456.19 898.54
7 343.87 1018.98 431.98 1018.98 432.59 986.09 425.98 973.58 389.14 957.54 364.25 966.99 349.98 990.98
7 249.73 782.55 268.17 780.34 278.00 770.93 278.00 757.01 252.20 748.67 249.00 759.33 249.00 781.67
6 85.63 576.50 60.50 603.03 56.78 611.76 98.30 634.00 102.89 629.55 110.04 601.73
5 938.45 916.27 908.29 906.75 904.47 929.70 938.04 949.63 943.58 940.19
7 817.74 552.68 819.83 557.31 862.49 564.41 863.02 555.16 860.51 541.23 847.94 538.94 820.70 548.48
6 498.68 770.85 503.38 767.65 514.47 754.02 513.38 748.48 476.75 730.84 461.14 753.79
7 429.18 638.23 438.60 624.10 439.05 622.29 420.78 619.01 403.58 638.23 402.94 641.65 412.59 644.86
5 457.83 525.40 479.21 515.03 484.67 474.67 468.89 471.67 454.09 480.55
7 50.50 554.91 67.01 547.63 66.55 544.99 34.48 524.58 26.67 532.85 22.28 555.90 39.50 559.44
6 111.49 468.92 110.20 507.63 135.05 524.55 141.82 522.00 147.57 490.37 135.45 459.60
5 572.51 721.04 597.11 723.70 597.62 723.27 591.54 683.77 561.29 709.48
6 38.26 121.11 25.25 115.75 19.88 113.96 -13.05 134.01 0.81 136.06 37.16 123.95
4 19.00 306.00 11.01 290.03 -19.96 278.23 -19.96 344.96
6 185.68 471.54 185.08 470.72 147.57 490.37 141.82 522.00 142.03 522.05 169.50 498.50
6 24.65 275.15 33.16 274.20 37.22 253.92 19.37 231.42 -19.96 237.32 -19.96 250.05
5 740.17 795.84 716.21 817.96 712.52 829.28 757.98 839.38 763.04 829.48
7 287.00 373.20 293.30 371.34 295.40 360.40 280.14 343.96 274.45 341.85 267.10 351.30 264.26 359.56
4 808.27 2.38 844.69 20.59 854.53 -19.98 804.11 -19.98
4 728.40 306.56 745.65 321.35 753.75 313.25 739.70 293.57
5 745.65 321.35 744.21 327.47 763.63 329.63 773.43 316.06 753.75 313.25
8 775.24 528.96 770.77 529.62 747.96 555.91 747.94 555.94 769.75 577.75 776.50 575.50 798.42 563.54 803.90 551.00
8 226.60 289.45 212.05 286.87 183.23 299.01 172.36 319.55 200.24 339.17 207.83 337.51 209.94 336.63 230.19 311.65
4 499.45 22.65 531.60 12.67 548.46 -19.98 489.03 -19.98
4 461.23 716.65 451.60 701.41 422.96 725.28 432.18 733.25
6 507.44 603.48 514.87 599.57 524.25 576.13 521.03 572.42 491.92 583.81 482.59 593.53
6 190.84 605.53 167.57 612.61 166.06 615.38 184.78 644.80 196.94 631.78 194.83 606.50
4 756.24 737.11 738.36 714.46 724.72 717.10 742.05 764.75
5 869.39 414.11 849.00 420.18 851.66 458.87 892.23 448.35 892.38 448.04
5 771.42 726.83 765.79 732.05 794.40 770.20 798.98 767.21 785.87 734.43
6 196.94 631.78 205.00 633.34 220.52 632.78 231.28 607.68 205.06 598.38 194.83 606.50
6 190.44 392.33 214.80 381.09 212.27 377.39 188.29 357.41 175.21 365.42 179.41 387.61
7 540.31 65.40 549.81 32.17 544.17 24.42 536.58 21.10 529.58 56.12 533.43 61.16 537.95 64.74
5 353.05 558.26 341.63 567.08 342.03 573.50 368.55 573.50 364.90 559.62
7 317.36 50.63 282.00 62.87 282.00 96.00 309.00 105.00 327.16 95.92 339.66 76.51 335.60 55.79
6 776.81 314.57 790.27 313.65 798.91 302.91 801.20 293.58 753.53 282.58 751.59 284.31
5 920.19 116.07 956.01 129.85 959.03 124.77 967.61 101.68 936.74 65.13
7 98.13 359.65 77.36 360.99 74.02 379.41 79.75 389.44 82.63 392.05 102.51 374.83 99.61 361.55
6 720.81 967.81 746.50 968.32 746.50 918.08 740.37 917.28 719.61 932.22 716.20 960.70
6 739.70 293.57 753.75 313.25 773.43 316.06 776.81 314.57 751.59 284.31 741.30 287.65
5 268.22 506.74 282.28 500.08 276.51 490.37 245.69 492.42 252.50 501.50
5 886.10 353.90 858.25 350.81 850.78 371.96 864.98 382.61 886.58 367.76
4 279.05 855.58 271.59 879.22 290.40 886.15 299.16 873.01
7 892.28 177.61 911.50 157.48 911.50 126.80 871.68 111.12 871.58 111.14 871.31 111.92 867.27 164.49
7 370.33 592.79 376.17 591.59 368.55 573.50 342.03 573.50 341.95 576.00 343.20 589.35 343.31 589.41
6 191.60 832.92 174.69 837.95 171.15 846.58 171.89 853.39 188.17 875.53 216.63 859.88
6 723.93 9.50 694.95 0.68 694.84 3.04 704.58 16.79 726.31 27.65 731.79 23.26
6 413.29 436.22 430.06 425.23 422.85 404.30 406.56 403.10 403.09 414.20 413.12 436.25
7 877.82 619.20 883.05 638.28 917.81 633.82 920.62 631.21 930.44 612.80 930.22 608.23 923.66 605.45
5 938.35 401.65 967.72 372.28 965.01 360.67 955.15 352.40 928.62 387.22
5 836.05 189.32 820.46 165.93 793.96 172.91 794.77 182.07 834.62 192.03
4 665.96 79.80 680.92 47.74 650.89 49.32 649.74 50.30
8 930.95 56.05 910.55 64.15 871.68 111.12 911.50 126.80 914.07 124.31 920.19 116.07 936.74 65.13 935.62 61.31
7 909.85 341.90 916.13 326.58 892.16 312.47 879.70 314.47 876.96 321.77 894.47 345.53 904.50 343.77
4 752.66 430.72 749.74 445.28 767.29 457.43 760.59 423.93
5 637.78 17.56 644.00 14.00 660.99 -19.98 601.01 -19.98 618.86 9.77
6 697.33 442.30 696.82 427.02 680.00 425.82 680.00 453.67 684.45 455.64 694.03 447.98
6 754.52 478.74 729.73 471.24 700.58 495.98 718.59 508.17 757.31 502.06 756.62 486.33
6 699.84 777.06 689.48 774.34 680.61 788.21 683.89 792.96 705.26 794.48 705.89 793.21
6 13.88 61.82 42.02 44.02 43.48 38.14 26.53 -19.98 -19.96 -19.98 -19.96 66.89
9 196.14 482.98 204.88 481.43 219.02 471.02 227.20 458.42 226.09 448.67 214.89 445.47 182.91 456.89 185.08 470.72 185.68 471.54
4 999.26 54.40 1017.96 57.99 1017.96 -19.98 969.51 -19.98
7 256.20 219.40 234.40 223.19 218.09 253.08 228.03 287.85 251.49 273.04 252.05 272.46 253.32 270.33
5 440.55 562.07 436.90 538.32 406.48 537.37 401.64 561.03 402.97 566.03
5 721.01 395.58 750.58 390.65 752.31 383.32 748.75 372.15 732.23 368.85
5 186.62 44.27 150.86 67.65 162.93 96.62 197.38 82.01 203.10 68.32
4 835.46 316.18 848.19 318.86 851.26 307.08 833.17 295.57
5 252.05 272.46 251.49 273.04 281.14 315.86 299.41 308.46 301.64 300.80
6 136.63 896.68 145.30 888.88 145.45 882.61 133.82 869.69 118.33 866.99 116.83 889.49
6 519.14 412.79 529.07 432.65 551.39 433.37 553.64 415.40 552.59 411.63 522.29 408.06
5 242.96 339.23 267.10 351.30 274.45 341.85 271.76 325.24 235.45 315.63
8 742.04 764.76 742.05 764.75 724.72 717.10 721.00 716.57 714.00 735.56 714.53 747.11 718.99 754.36 731.00 762.00
9 680.61 788.21 624.88 786.57 615.74 794.25 623.52 809.44 645.33 825.49 653.21 824.56 683.90 812.87 685.02 800.01 683.89 792.96
4 0.81 136.06 30.12 142.17 34.85 133.77 37.16 123.95
7 716.64 612.65 720.60 621.17 746.58 614.89 771.49 581.68 769.75 577.75 747.94 555.94 723.64 570.67
5 692.88 923.71 719.61 932.22 740.37 917.28 725.98 904.43 714.61 907.42
7 943.58 940.19 938.04 949.63 940.27 956.76 950.09 962.27 973.78 944.89 971.57 935.58 946.71 937.84
5 244.49 1018.98 305.99 1018.98 295.83 988.49 267.68 971.45 245.60 970.15
5 375.05 419.87 390.11 402.49 374.66 384.82 367.11 393.21 371.34 411.78
5 954.12 141.48 954.50 156.39 1009.95 150.23 959.03 124.77 956.01 129.85
6 385.99 729.01 382.53 757.69 437.10 746.78 432.18 733.25 422.96 725.28 402.54 712.46
7 10.50 765.25 30.00 736.00 30.21 735.18 29.13 734.00 -4.39 734.00 -19.96 738.12 -19.96 756.11
7 341.63 567.08 314.55 550.16 306.82 549.65 296.10 562.92 295.24 576.00 341.95 576.00 342.03 573.50
5 79.88 758.95 97.92 787.30 107.22 786.55 106.23 761.65 81.32 756.41
8 461.14 753.79 476.75 730.84 473.71 719.30 461.23 716.65 432.18 733.25 437.10 746.78 442.84 758.52 445.60 759.77
6 905.28 415.28 890.62 400.62 873.88 406.34 869.39 414.11 892.38 448.04 892.73 447.89
7 271.76 325.24 281.14 315.86 251.49 273.04 228.03 287.85 226.60 289.45 230.19 311.65 235.45 315.63
5 941.88 479.28 944.00 456.00 931.32 451.77 930.26 455.11 932.90 481.52
10 716.04 871.32 740.69 868.38 759.54 859.20 757.98 839.38 712.52 829.28 708.87 832.58 705.46 840.64 705.10 842.89 705.67 848.02 714.85 870.73
4 195.70 491.95 196.14 482.98 185.68 471.54 169.50 498.50
4 19.65 712.37 -4.39 734.00 29.13 734.00 31.70 714.27
5 982.55 735.55 970.50 764.68 997.93 782.14 1017.96 778.95 1017.96 740.71
5 59.53 212.29 37.59 212.71 19.37 231.42 37.22 253.92 83.15 252.34
7 552.95 289.20 532.21 301.27 525.00 344.50 535.55 370.87 552.49 374.89 565.28 329.57 560.13 300.41
4 689.78 392.42 687.70 369.00 632.21 369.00 628.19 379.22
9 517.48 902.74 525.06 900.07 530.35 888.81 530.07 881.79 527.81 872.74 499.74 870.07 490.92 873.80 501.19 893.62 509.00 898.50
7 338.18 906.23 346.66 927.82 380.41 924.07 392.05 886.02 388.55 877.36 358.72 874.26 351.18 878.71
8 763.50 96.50 755.65 102.00 742.26 129.31 756.51 151.75 782.88 153.63 794.34 141.12 797.93 120.10 780.18 103.01
9 350.83 699.59 349.26 701.43 360.83 722.09 385.99 729.01 402.54 712.46 403.17 700.81 398.40 686.07 397.54 685.19 374.25 687.88
5 728.00 440.68 697.33 442.30 694.03 447.98 729.04 468.40 730.32 446.58
7 740.69 868.38 716.04 871.32 725.98 904.43 740.37 917.28 746.50 918.08 747.93 917.44 750.49 914.11
5 953.99 485.44 961.11 496.95 974.75 491.50 964.62 464.48 953.88 484.88
6 860.51 1018.98 891.34 1018.98 901.35 994.19 895.98 936.94 876.81 938.25 861.31 986.94
4 41.78 957.29 4.09 985.56 48.79 995.87 42.89 957.50
7 899.66 747.47 907.29 755.98 928.04 754.68 942.11 733.59 933.98 714.61 922.58 705.69 913.67 710.69
5 447.81 360.95 455.83 320.83 445.17 310.17 430.00 321.00 430.00 345.57
7 618.33 954.67 648.96 924.04 644.95 920.80 632.39 924.18 607.33 939.61 602.26 957.34 604.60 958.10
6 326.56 656.56 303.33 633.33 293.85 665.33 305.00 674.00 323.94 676.71 331.11 667.73
5 811.54 738.51 817.34 754.16 838.83 716.55 813.55 712.80 807.88 719.50
6 888.72 18.54 877.97 -19.98 854.53 -19.98 844.69 20.59 847.21 37.40 847.76 37.56
6 802.28 38.31 808.27 2.38 804.11 -19.98 767.37 -19.98 760.28 9.50 761.50 20.47
5 340.71 939.34 346.66 927.82 338.18 906.23 318.76 911.78 323.58 935.92
6 83.17 878.33 68.51 884.75 69.22 886.24 98.98 914.02 106.52 914.29 109.02 891.87
6 981.12 807.69 973.80 818.14 985.72 843.48 1006.49 851.13 1017.96 852.19 1017.96 829.36
5 803.64 288.52 803.48 278.33 770.32 250.20 753.53 282.58 801.20 293.58
6 60.99 677.84 61.13 677.72 61.35 673.68 21.46 623.82 -19.96 623.24 -19.96 646.71
6 351.21 -15.48 350.38 21.50 422.03 21.50 433.63 8.77 431.79 -19.98 351.64 -19.98
4 397.87 589.76 458.64 593.33 447.40 578.00 401.56 578.00
4 239.94 801.94 259.57 821.57 260.99 803.10 245.69 796.97
6 547.89 615.44 592.00 597.80 598.35 574.96 573.53 566.41 549.36 587.90 547.31 612.04
4 725.07 75.13 724.25 84.98 750.28 98.56 736.80 71.61
6 307.38 288.03 291.95 265.34 253.32 270.33 252.05 272.46 301.64 300.80 307.27 292.75
7 553.64 415.40 551.39 433.37 553.87 439.25 593.96 455.29 606.57 447.54 612.50 422.56 611.91 410.10
5 458.76 375.83 464.16 381.57 507.72 378.39 498.49 347.64 486.95 337.25
5 913.67 710.69 922.58 705.69 923.40 692.55 899.29 689.34 890.20 701.02
6 245.60 970.15 241.98 966.75 219.17 964.17 208.21 981.93 190.21 1018.98 244.49 1018.98
5 285.68 431.68 275.63 458.49 301.07 456.80 325.49 436.88 298.87 426.74
4 779.50 673.67 801.88 672.70 781.68 637.81 779.50 639.24
7 680.23 92.69 691.35 89.06 700.88 59.54 684.33 45.64 680.92 47.74 665.96 79.80 666.01 80.19
7 1014.66 623.42 994.54 641.17 982.63 681.67 994.51 689.89 998.71 691.92 1017.96 691.47 1017.96 623.13
7 264.64 144.20 290.48 143.72 309.00 105.00 282.00 96.00 253.20 96.00 239.33 133.97 253.00 140.18
6 955.63 176.35 952.85 158.46 911.50 157.48 892.28 177.61 898.04 200.65 913.77 206.58
7 479.21 515.03 508.77 537.20 518.30 536.88 519.81 535.77 528.90 485.25 494.68 470.99 484.67 474.67
9 607.35 72.34 576.49 88.39 579.59 119.44 580.31 120.09 583.87 122.22 625.84 106.61 626.94 98.56 619.64 80.06 609.87 72.80
8 -19.96 605.48 -19.96 623.24 21.46 623.82 56.60 611.90 56.78 611.76 60.50 603.03 50.50 590.73 39.50 578.04
5 904.56 548.24 894.72 529.32 872.35 519.53 860.51 541.23 863.02 555.16
6 228.73 512.00 233.92 496.92 204.88 481.43 196.14 482.98 195.70 491.95 196.70 512.00
5 655.38 870.12 652.73 866.04 616.80 871.17 622.59 896.51 637.68 907.12
8 453.05 683.42 440.82 663.03 433.92 663.44 424.45 667.04 398.40 686.07 403.17 700.81 448.82 690.27 453.16 683.77
7 155.98 221.56 154.50 216.50 123.83 170.49 101.80 191.42 101.38 195.74 124.07 231.40 154.31 225.86
7 660.54 447.18 638.72 465.48 641.82 478.41 663.34 501.24 690.63 496.83 684.45 455.64 680.00 453.67
5 553.94 376.49 587.58 377.16 590.81 344.89 565.28 329.57 552.49 374.89
5 490.59 673.77 507.50 662.50 507.50 646.83 488.03 644.24 486.78 664.95
6 516.02 923.20 518.77 925.38 520.74 924.02 529.81 905.88 525.06 900.07 517.48 902.74
4 336.93 365.21 335.23 370.05 343.09 381.64 378.50 369.83
5 754.71 30.90 731.79 23.26 726.31 27.65 733.71 47.41 748.64 46.26
6 677.82 863.02 671.93 847.31 652.05 840.68 652.73 866.04 655.38 870.12 669.86 874.95
5 862.51 564.54 862.49 564.41 819.83 557.31 821.77 585.36 833.55 585.05
6 120.15 697.17 117.59 727.96 126.17 738.39 139.84 744.36 155.18 709.85 144.10 687.70
5 212.56 650.98 228.12 664.32 239.77 653.05 220.52 632.78 205.00 633.34
6 716.23 974.15 722.34 1018.98 727.15 1018.98 748.35 969.51 746.50 968.32 720.81 967.81
4 101.38 195.74 84.41 204.73 113.06 238.16 124.07 231.40
4 667.34 174.57 659.43 145.57 638.28 166.72 640.69 185.99
6 183.23 299.01 212.05 286.87 176.67 247.07 162.04 240.50 155.37 270.81 155.92 274.43
5 684.03 136.84 679.07 95.96 639.38 119.77 640.13 121.98 662.49 138.94
7 488.93 925.21 498.03 920.48 501.19 893.62 490.92 873.80 473.66 872.50 466.97 886.66 479.00 916.18
6 653.21 824.56 645.33 825.49 652.05 840.68 671.93 847.31 705.10 842.89 705.46 840.64
6 22.77 358.95 56.68 320.36 36.99 304.36 19.00 306.00 -19.96 344.96 -19.96 351.93
5 521.03 572.42 518.30 536.88 508.77 537.20 494.15 548.05 491.92 583.81
6 904.50 343.77 894.47 345.53 886.10 353.90 886.58 367.76 903.71 385.89 904.50 385.72
6 479.00 916.18 466.97 886.66 458.38 893.16 456.19 898.54 448.86 932.24 454.44 931.81
5 240.82 582.51 250.09 577.54 252.03 564.40 219.19 557.10 214.22 566.79
6 205.20 417.77 214.89 445.47 226.09 448.67 250.57 428.93 250.80 425.40 242.88 401.62
5 178.20 6.28 182.78 19.51 227.67 31.48 236.25 -19.98 180.88 -19.98
8 197.38 82.01 205.13 113.77 215.75 126.88 233.90 135.95 239.33 133.97 253.20 96.00 240.68 67.70 203.10 68.32
6 401.11 398.64 406.56 403.10 422.85 404.30 438.90 378.81 423.08 374.97 399.84 382.72
5 281.85 26.54 286.10 26.73 289.21 19.95 297.20 -19.98 245.90 -19.98
6 328.28 876.94 309.68 897.40 303.53 908.34 318.76 911.78 338.18 906.23 351.18 878.71
6 181.00 657.88 181.68 650.87 161.59 637.06 138.62 640.34 138.22 654.17 154.69 673.92
6 363.34 81.08 401.96 103.80 412.00 103.22 429.55 81.02 429.59 80.69 408.69 58.40
7 381.69 368.51 399.84 382.72 423.08 374.97 400.62 346.90 400.32 346.78 384.50 347.83 384.26 347.96
8 290.16 597.58 292.94 593.51 295.24 576.00 296.10 562.92 267.75 551.25 257.84 553.23 252.03 564.40 250.09 577.54
8 473.66 872.50 454.14 843.20 409.04 845.03 388.55 877.36 392.05 886.02 406.37 895.16 458.38 893.16 466.97 886.66
4 122.78 791.09 114.77 790.92 103.37 820.84 125.42 825.48
6 680.61 788.21 689.48 774.34 688.73 766.82 653.69 755.87 626.50 783.84 624.88 786.57
5 609.35 34.50 613.61 36.23 634.98 23.41 637.78 17.56 618.86 9.77
6 433.64 794.73 447.90 766.19 445.60 759.77 442.84 758.52 431.42 765.29 421.30 788.08
7 834.70 377.19 850.78 371.96 858.25 350.81 856.91 347.50 820.76 347.50 818.28 349.88 822.94 368.00
8 691.04 497.02 690.63 496.83 663.34 501.24 649.28 523.05 663.06 558.37 665.74 562.10 693.82 556.58 694.55 529.50
7 573.70 903.08 589.54 906.76 622.59 896.51 616.80 871.17 609.72 863.36 583.84 870.48 574.20 875.18
7 682.46 174.08 684.70 195.00 689.79 205.98 736.12 197.80 735.88 194.80 734.52 193.58 682.82 173.70
8 455.83 320.83 486.68 325.24 488.49 323.16 501.69 305.70 498.87 302.78 473.76 291.73 444.21 286.26 445.17 310.17
4 764.00 829.00 786.00 825.86 786.00 814.17 777.92 787.24
7 632.82 359.02 632.21 369.00 687.70 369.00 694.50 352.01 674.57 337.21 644.00 344.00 637.73 347.76
9 102.70 855.19 89.26 829.73 69.98 821.76 54.71 835.22 46.26 861.06 44.31 875.65 49.25 879.78 68.51 884.75 83.17 878.33
4 705.10 842.89 671.93 847.31 677.82 863.02 705.67 848.02
5 565.28 329.57 590.81 344.89 600.62 341.32 603.09 317.87 560.13 300.41
7 545.59 65.93 540.68 65.60 538.10 100.36 556.63 119.91 579.59 119.44 576.49 88.39 566.29 75.81
6 347.80 532.02 351.55 525.36 351.30 523.51 300.85 512.30 306.82 549.65 314.55 550.16
6 131.23 991.50 173.41 991.50 169.32 972.20 169.21 971.88 164.50 968.08 138.70 973.07
4 218.09 253.08 234.40 223.19 221.04 222.19 204.26 241.55
7 444.67 214.46 428.98 171.33 422.19 165.81 404.95 168.77 412.14 201.11 435.20 220.33 441.47 217.47
5 33.00 202.09 29.06 175.30 28.05 174.12 -19.96 164.01 -19.96 187.65
7 291.95 265.34 297.07 254.75 290.83 243.83 260.90 213.90 260.52 214.03 256.20 219.40 253.32 270.33
6 52.74 795.09 34.76 796.37 24.04 816.83 54.71 835.22 69.98 821.76 68.79 805.12
5 74.02 358.52 45.57 365.29 61.93 380.16 74.02 379.41 77.36 360.99
7 57.52 174.06 29.06 175.30 33.00 202.09 37.59 212.71 59.53 212.29 63.87 206.51 68.00 184.07
8 547.67 628.01 545.74 633.12 545.45 637.23 565.07 655.90 603.79 663.34 615.04 660.13 621.84 654.55 592.00 617.93
7 74.02 358.52 65.45 322.81 62.12 319.74 56.68 320.36 22.77 358.95 25.97 362.23 45.57 365.29
4 932.90 481.52 930.26 455.11 907.72 488.92 917.89 495.53
6 292.94 593.51 290.16 597.58 286.97 611.09 302.26 627.58 333.58 625.49 328.43 594.59
8 684.40 891.39 669.86 874.95 655.38 870.12 637.68 907.12 644.95 920.80 648.96 924.04 665.26 931.32 672.21 924.93
6 742.29 784.28 746.78 773.38 742.04 764.76 731.00 762.00 708.65 775.41 711.00 789.50
4 606.40 983.60 588.49 971.66 575.18 1018.98 610.33 1018.98
8 811.50 942.97 847.05 944.15 864.38 931.87 862.72 927.28 859.55 921.81 831.24 910.01 821.08 912.00 808.68 938.43
8 227.67 31.48 182.78 19.51 186.62 44.27 203.10 68.32 240.68 67.70 248.55 56.43 249.89 49.37 248.56 46.40
6 702.99 267.32 708.19 250.24 707.09 237.02 687.16 231.33 686.22 235.85 699.43 266.67
6 847.21 37.40 839.00 41.50 832.61 92.62 849.58 94.51 867.65 59.75 847.76 37.56
6 168.50 946.37 168.50 929.50 161.91 919.61 153.52 925.71 159.08 943.98 164.50 948.46
7 448.82 690.27 451.60 701.41 461.23 716.65 473.71 719.30 487.00 701.39 487.00 687.15 453.16 683.77
7 817.74 588.72 803.20 575.50 776.50 575.50 769.75 577.75 771.49 581.68 795.49 615.29 801.44 614.80
4 880.86 722.58 889.19 701.38 866.86 682.41 852.28 709.48
5 681.51 294.93 699.07 302.46 708.40 297.38 706.20 284.22 682.56 293.67
7 36.99 304.36 56.68 320.36 62.12 319.74 72.93 301.26 79.00 285.56 79.00 276.45 37.82 280.20
6 312.40 941.00 322.29 957.48 327.50 959.44 342.66 947.12 340.71 939.34 323.58 935.92
6 832.75 689.02 846.02 711.95 852.28 709.48 866.86 682.41 864.69 666.89 842.58 666.42
7 905.25 548.87 924.66 553.31 928.66 547.62 921.71 519.86 918.97 515.28 894.72 529.32 904.56 548.24
6 237.33 705.50 225.71 692.00 204.76 692.00 198.11 714.62 238.22 722.64 240.73 716.95
4 591.14 47.41 566.29 75.81 576.49 88.39 607.35 72.34
8 361.24 219.26 330.28 178.53 317.51 177.76 315.04 178.26 302.08 197.23 316.96 222.93 331.85 241.69 357.86 229.81
6 397.54 685.19 387.51 661.48 365.37 648.61 346.11 664.66 352.70 677.10 374.25 687.88
3 352.70 677.10 350.83 699.59 374.25 687.88
7 164.50 968.08 169.21 971.88 199.12 958.42 183.34 939.68 179.91 940.91 168.50 946.37 164.50 948.46
6 525.58 143.64 550.13 160.33 580.31 120.09 579.59 119.44 556.63 119.91 524.29 141.48
6 233.00 804.81 233.00 829.08 243.37 834.59 260.06 823.21 259.57 821.57 239.94 801.94
7 688.83 731.00 668.26 715.57 668.05 715.81 668.03 715.84 664.83 731.83 689.75 756.75 696.34 742.26
9 763.04 829.48 757.98 839.38 759.54 859.20 782.23 876.09 801.34 873.01 815.35 845.52 794.12 827.95 786.00 825.86 764.00 829.00
6 663.26 289.74 656.64 264.91 653.40 263.11 622.33 280.48 627.59 300.59 648.76 304.24
7 393.21 453.15 413.71 474.55 421.10 476.25 428.83 456.93 413.29 436.22 413.12 436.25 391.17 448.23
7 787.68 733.74 785.87 734.43 798.98 767.21 813.34 762.77 817.62 759.86 817.34 754.16 811.54 738.51
4 449.29 438.96 437.43 426.57 432.00 425.73 432.00 453.79
6 752.66 430.72 760.59 423.93 760.66 423.76 746.63 417.62 729.50 427.90 729.50 434.58
6 145.30 888.88 177.76 904.56 191.24 903.18 188.17 875.53 171.89 853.39 145.45 882.61
9 549.36 587.90 573.53 566.41 569.01 556.82 551.93 542.51 529.39 537.61 519.81 535.77 518.30 536.88 521.03 572.42 524.25 576.13
5 823.31 319.55 826.50 335.50 853.59 330.08 848.19 318.86 835.46 316.18
7 1006.49 851.13 985.72 843.48 955.93 846.46 948.72 851.71 947.52 858.91 947.93 859.07 982.21 864.79
4 806.67 719.50 787.68 733.74 811.54 738.51 807.88 719.50
5 372.36 554.38 401.64 561.03 406.48 537.37 400.50 525.67 380.24 532.72
6 994.54 641.17 956.68 658.14 950.31 666.72 947.99 670.95 956.60 680.83 982.63 681.67
6 569.83 792.97 536.58 762.49 514.47 754.02 503.38 767.65 531.03 807.60 532.40 807.43
4 393.21 453.15 377.69 497.13 385.73 500.79 413.71 474.55
5 866.76 164.55 832.71 145.98 828.65 147.72 820.46 165.93 836.05 189.32
5 633.73 708.95 620.30 724.30 626.50 730.50 668.03 715.84 668.05 715.81
5 137.23 359.34 116.70 325.61 103.60 333.88 98.13 359.65 99.61 361.55
6 685.02 800.01 683.90 812.87 708.87 832.58 712.52 829.28 716.21 817.96 710.17 808.39
6 527.93 841.64 537.97 838.10 532.40 807.43 531.03 807.60 508.67 819.09 513.22 835.02
4 973.80 818.14 959.71 820.06 955.93 846.46 985.72 843.48
8 904.14 885.86 862.72 927.28 864.38 931.87 876.81 938.25 895.98 936.94 904.47 929.70 908.29 906.75 904.90 886.39
8 817.02 626.06 801.44 614.80 795.49 615.29 793.61 616.94 781.68 637.81 801.88 672.70 802.27 672.91 824.67 656.69
4 683.89 792.96 685.02 800.01 710.17 808.39 705.26 794.48
5 531.60 12.67 499.45 22.65 496.27 32.18 529.58 56.12 536.58 21.10
5 439.21 143.77 438.56 149.44 451.80 163.56 467.78 150.78 466.68 145.73
8 628.19 379.22 632.21 369.00 632.82 359.02 600.62 341.32 590.81 344.89 587.58 377.16 617.69 390.33 623.59 386.45
6 693.82 556.58 723.64 570.67 747.94 555.94 747.96 555.91 729.25 529.50 694.55 529.50
4 711.00 789.50 708.65 775.41 699.84 777.06 705.89 793.21
7 785.22 941.75 756.24 972.04 768.12 986.37 813.27 959.81 811.50 942.97 808.68 938.43 806.12 938.03
4 763.93 388.60 777.48 409.90 786.11 373.95 779.77 364.84
8 404.95 168.77 422.19 165.81 438.56 149.44 439.21 143.77 436.23 133.02 422.04 125.54 408.92 140.84 400.36 165.57
5 646.53 995.96 616.05 973.95 606.40 983.60 610.33 1018.98 642.43 1018.98
5 241.98 966.75 245.60 970.15 267.68 971.45 283.82 946.62 251.63 934.55
7 169.72 441.86 182.91 456.89 214.89 445.47 205.20 417.77 198.41 416.22 193.72 419.65 169.96 441.34
4 489.97 271.64 479.50 274.50 473.76 291.73 498.87 302.78
5 509.80 89.22 511.87 89.37 537.95 64.74 533.43 61.16 497.38 71.46
6 487.00 687.15 487.00 701.39 521.14 723.66 542.04 705.51 525.82 686.28 490.76 681.76
6 190.58 736.22 191.13 719.51 189.44 718.08 169.25 716.40 164.35 753.10 166.53 754.06
5 685.60 890.84 684.40 891.39 672.21 924.93 692.88 923.71 714.61 907.42
5 975.45 278.57 982.05 268.86 970.50 256.15 947.89 264.06 957.70 275.84
7 826.45 517.45 847.94 538.94 860.51 541.23 872.35 519.53 869.83 501.24 852.12 491.56 834.55 501.80
5 636.10 639.59 632.52 651.19 679.00 678.53 679.00 608.38 670.55 606.26
5 447.40 578.00 441.37 562.93 440.55 562.07 402.97 566.03 401.56 578.00
7 475.58 251.58 493.62 250.03 503.00 218.99 488.52 212.38 461.46 203.17 444.67 214.46 441.47 217.47
6 719.61 932.22 692.88 923.71 672.21 924.93 665.26 931.32 666.74 938.72 716.20 960.70
7 406.37 895.16 392.05 886.02 380.41 924.07 389.14 957.54 425.98 973.58 433.75 944.42 423.44 920.37
4 68.92 107.18 100.51 97.31 79.95 60.32 47.50 49.50
6 722.89 128.97 742.26 129.31 755.65 102.00 750.28 98.56 724.25 84.98 704.90 94.27
5 959.71 820.06 950.12 810.99 927.90 831.73 948.72 851.71 955.93 846.46
7 574.20 875.18 583.84 870.48 592.37 793.68 585.94 793.56 580.06 795.01 559.99 842.24 564.75 866.68
7 644.00 14.00 656.92 31.23 684.92 23.86 694.84 3.04 694.95 0.68 689.29 -19.98 660.99 -19.98
5 928.62 387.22 955.15 352.40 955.06 352.13 917.88 350.27 923.63 384.79
6 743.83 655.55 721.98 648.02 701.07 668.93 745.96 702.59 761.96 693.45 761.07 680.08
6 239.77 653.05 254.53 650.09 266.24 622.77 235.66 606.58 231.28 607.68 220.52 632.78
6 529.39 537.61 567.14 499.86 565.73 495.84 529.14 485.17 528.90 485.25 519.81 535.77
6 349.26 701.43 327.65 697.94 324.32 702.80 337.70 727.87 352.48 726.59 360.83 722.09
6 199.12 958.42 218.92 963.92 210.29 910.37 207.76 908.03 194.33 905.47 183.34 939.68
6 894.47 345.53 876.96 321.77 856.08 332.21 856.91 347.50 858.25 350.81 886.10 353.90
4 743.83 655.55 761.07 680.08 779.50 673.67 779.50 639.24
7 511.15 615.82 545.74 633.12 547.67 628.01 547.89 615.44 547.31 612.04 514.87 599.57 507.44 603.48
5 253.00 140.18 239.33 133.97 233.90 135.95 219.25 171.25 253.00 205.00
4 970.45 430.89 975.51 450.28 1017.96 465.50 1017.96 397.35
6 385.54 127.86 408.92 140.84 422.04 125.54 412.00 103.22 401.96 103.80 393.98 114.00
6 131.22 920.33 136.63 896.68 116.83 889.49 109.02 891.87 106.52 914.29 123.15 926.44
5 488.49 323.16 520.50 344.50 525.00 344.50 532.21 301.27 501.69 305.70
5 696.34 742.26 689.75 756.75 690.92 762.61 718.99 754.36 714.53 747.11
9 170.25 691.25 179.92 698.65 180.40 698.72 197.95 688.00 188.71 664.50 182.00 658.62 181.00 657.88 154.69 673.92 154.29 675.29
5 441.01 662.73 440.82 663.03 453.05 683.42 467.30 660.62 458.57 652.56
5 938.04 949.63 904.47 929.70 895.98 936.94 901.35 994.19 940.27 956.76
5 24.04 816.83 34.76 796.37 22.89 783.11 -14.03 820.03 0.84 820.69
7 456.26 526.77 467.93 548.45 473.47 552.87 494.15 548.05 508.77 537.20 479.21 515.03 457.83 525.40
6 268.77 529.91 300.77 512.13 300.65 511.20 282.28 500.08 268.22 506.74 255.87 521.56
7 778.61 778.68 746.78 773.38 742.29 784.28 740.17 795.84 763.04 829.48 764.00 829.00 777.92 787.24
5 188.71 664.50 197.95 688.00 204.76 692.00 225.71 692.00 228.00 664.50
7 708.65 775.41 731.00 762.00 718.99 754.36 690.92 762.61 688.73 766.82 689.48 774.34 699.84 777.06
7 97.60 640.60 68.61 659.93 61.35 673.68 61.13 677.72 87.14 686.58 104.46 684.70 109.32 659.73
6 482.59 593.53 491.92 583.81 494.15 548.05 473.47 552.87 465.03 598.41 465.28 598.83
5 507.50 646.83 507.50 662.50 529.85 658.03 540.60 640.50 526.50 640.50
5 -4.39 734.00 19.65 712.37 -3.74 681.18 -19.96 673.28 -19.96 738.12
5 932.23 799.74 923.00 830.50 927.90 831.73 950.12 810.99 949.43 805.48
4 626.49 603.05 662.50 580.88 662.50 569.10 608.71 579.86
8 771.42 726.83 772.66 721.86 768.48 699.54 761.96 693.45 745.96 702.59 738.36 714.46 756.24 737.11 765.79 732.05
7 899.29 689.34 898.11 665.63 880.67 650.52 864.69 666.89 866.86 682.41 889.19 701.38 890.20 701.02
7 649.27 246.57 675.34 221.80 637.50 195.00 636.85 194.67 626.65 200.93 618.01 213.25 620.50 223.37
8 665.74 562.10 662.50 569.10 662.50 580.88 670.55 606.26 679.00 608.38 716.64 612.65 723.64 570.67 693.82 556.58
6 606.57 447.54 593.96 455.29 589.51 474.94 611.50 500.07 641.82 478.41 638.72 465.48
6 432.46 486.88 429.04 500.91 449.51 527.06 456.26 526.77 457.83 525.40 454.09 480.55
5 343.42 77.88 367.50 114.00 393.98 114.00 401.96 103.80 363.34 81.08
6 977.25 914.74 971.57 935.58 973.78 944.89 984.42 950.21 1017.96 943.76 1017.96 925.18
6 127.84 789.74 122.78 791.09 125.42 825.48 129.00 828.52 158.39 809.42 158.31 808.42
6 31.77 714.21 31.70 714.27 29.13 734.00 30.21 735.18 50.21 740.78 58.35 734.14
6 658.73 433.44 660.54 447.18 680.00 453.67 680.00 425.82 671.50 422.79 660.21 429.24
7 730.32 446.58 729.04 468.40 729.73 471.24 754.52 478.74 769.89 461.33 767.29 457.43 749.74 445.28
6 687.16 231.33 707.09 237.02 745.34 213.48 736.12 197.80 689.79 205.98 680.15 221.58
4 174.28 541.77 157.15 582.46 171.95 583.95 194.03 566.01
5 859.55 921.81 871.00 881.77 862.64 877.91 860.53 879.00 831.24 910.01
4 653.73 82.73 635.85 64.85 619.64 80.06 626.94 98.56
6 413.71 474.55 385.73 500.79 400.50 519.25 429.04 500.91 432.46 486.88 421.10 476.25
7 513.53 968.32 536.52 973.20 556.42 955.69 562.74 944.26 562.41 943.49 522.50 939.36 516.94 946.51
6 999.26 54.40 935.62 61.31 936.74 65.13 967.61 101.68 1017.96 111.55 1017.96 57.99
5 272.11 825.36 275.71 830.09 302.82 814.61 293.93 802.26 280.75 806.17
5 849.58 94.51 871.58 111.14 871.68 111.12 910.55 64.15 867.65 59.75
4 774.25 1004.75 815.21 963.79 813.27 959.81 768.12 986.37
5 55.23 394.89 44.83 404.55 86.08 410.44 82.63 392.05 79.75 389.44
5 709.67 274.77 726.88 274.30 734.99 253.22 708.19 250.24 702.99 267.32
6 728.72 436.61 728.00 440.68 730.32 446.58 749.74 445.28 752.66 430.72 729.50 434.58
7 339.66 76.51 327.16 95.92 336.53 118.52 372.12 142.88 376.02 135.31 367.50 114.00 343.42 77.88
7 214.80 381.09 190.44 392.33 198.41 416.22 205.20 417.77 242.88 401.62 243.65 395.69 239.76 385.57
6 604.60 958.10 602.26 957.34 589.46 960.02 588.49 971.66 606.40 983.60 616.05 973.95
5 877.44 263.61 885.92 270.03 899.00 264.43 896.42 202.69 870.23 220.36
5 581.16 21.50 550.00 21.50 544.17 24.42 549.81 32.17 581.60 24.23
8 243.37 834.59 244.31 837.58 268.33 852.00 277.77 851.02 281.60 844.33 275.71 830.09 272.11 825.36 260.06 823.21
6 68.51 884.75 49.25 879.78 44.75 910.37 50.50 925.06 73.43 919.96 69.22 886.24
5 472.75 969.35 490.47 970.16 495.53 939.82 488.10 930.80 478.14 939.71
5 103.60 333.88 65.45 322.81 74.02 358.52 77.36 360.99 98.13 359.65
8 120.65 50.25 147.70 67.04 150.86 67.65 186.62 44.27 182.78 19.51 178.20 6.28 120.24 43.31 119.93 48.15
5 275.71 830.09 281.60 844.33 309.82 839.03 319.56 828.67 302.82 814.61
7 813.55 712.80 838.83 716.55 843.17 715.31 844.22 714.22 846.02 711.95 832.75 689.02 810.30 693.30
4 219.02 471.02 204.88 481.43 233.92 496.92 239.64 491.64
8 65.92 111.47 68.92 107.18 47.50 49.50 42.02 44.02 13.88 61.82 25.45 91.70 39.93 101.07 58.94 111.63
4 460.77 832.14 507.65 818.74 491.54 783.84 486.85 785.77
4 56.60 611.90 21.46 623.82 61.35 673.68 68.61 659.93
5 167.64 121.27 169.19 131.81 182.71 143.39 215.75 126.88 205.13 113.77
8 249.73 782.55 249.00 781.67 238.46 778.15 216.24 794.82 216.37 795.63 233.00 804.81 239.94 801.94 245.69 796.97
6 338.58 351.67 309.35 347.06 306.10 353.27 322.70 374.61 335.23 370.05 336.93 365.21
8 123.36 158.24 125.40 157.35 137.62 114.58 136.71 106.41 125.06 102.61 112.86 101.88 110.60 143.63 120.93 156.62
5 936.33 308.83 933.23 303.62 900.35 298.14 892.16 312.47 916.13 326.58
6 290.40 886.15 294.72 910.33 303.53 908.34 309.68 897.40 304.51 871.53 299.16 873.01
7 435.20 220.33 418.44 252.27 418.12 264.83 441.15 280.46 460.62 268.21 475.58 251.58 441.47 217.47
7 26.33 878.00 44.31 875.65 46.26 861.06 0.84 820.69 -14.03 820.03 -19.96 821.16 -19.96 878.00
7 494.36 123.57 495.81 127.60 503.08 132.62 511.57 134.31 521.38 107.05 515.45 97.87 501.71 107.03
6 832.61 92.62 839.00 41.50 803.94 41.50 797.79 57.67 811.95 80.32 831.50 92.97
5 690.92 762.61 689.75 756.75 664.83 731.83 653.69 755.87 688.73 766.82
7 659.43 145.57 667.34 174.57 682.46 174.08 682.82 173.70 695.75 144.40 684.03 136.84 662.49 138.94
6 550.00 21.50 560.37 -19.98 548.46 -19.98 531.60 12.67 536.58 21.10 544.17 24.42
4 120.93 156.62 110.60 143.63 75.45 141.50 82.49 172.45
10 948.72 851.71 927.90 831.73 923.00 830.50 900.03 830.50 901.16 883.33 904.14 885.86 904.90 886.39 921.01 881.91 946.86 860.10 947.52 858.91
6 207.52 774.27 176.73 771.90 173.83 784.04 203.60 808.40 216.37 795.63 216.24 794.82
4 207.83 337.51 200.24 339.17 188.29 357.41 212.27 377.39
6 943.63 591.46 954.49 594.87 974.70 576.50 975.57 565.69 970.96 564.73 941.13 582.13
6 -14.03 820.03 22.89 783.11 21.33 770.67 10.50 765.25 -19.96 756.11 -19.96 821.16
5 761.50 20.47 760.28 9.50 723.93 9.50 731.79 23.26 754.71 30.90
4 456.19 898.54 423.44 920.37 433.75 944.42 448.86 932.24
6 920.67 499.97 918.97 515.28 921.71 519.86 961.25 524.25 957.19 513.22 928.92 501.11
3 315.91 713.27 307.83 737.50 325.60 737.50
4 303.34 965.06 322.29 957.48 312.40 941.00 299.33 941.00
5 746.63 417.62 741.10 405.64 718.27 400.21 717.64 400.63 729.50 427.90
8 879.70 314.47 870.34 294.32 864.05 295.04 851.26 307.08 848.19 318.86 853.59 330.08 856.08 332.21 876.96 321.77
6 401.54 827.46 409.04 845.03 454.14 843.20 459.80 832.71 452.53 805.81 435.47 797.78
8 139.84 744.36 126.17 738.39 106.23 761.65 107.22 786.55 114.77 790.92 122.78 791.09 127.84 789.74 145.90 749.77
7 591.14 47.41 607.35 72.34 609.87 72.80 621.44 46.36 613.61 36.23 609.35 34.50 591.50 34.50
7 979.00 891.36 969.60 898.20 967.36 904.93 967.58 905.37 977.25 914.74 1017.96 925.18 1017.96 870.11
6 810.90 492.79 834.55 501.80 852.12 491.56 844.51 469.17 841.75 468.25 806.24 483.47
5 832.71 145.98 866.76 164.55 867.27 164.49 871.31 111.92 833.36 135.28
7 947.89 264.06 929.52 261.00 924.68 265.97 933.23 303.62 936.33 308.83 946.87 311.94 957.70 275.84
5 159.08 943.98 127.73 951.82 138.70 973.07 164.50 968.08 164.50 948.46
5 372.99 162.85 372.12 142.88 336.53 118.52 335.86 127.95 357.27 166.48
7 929.04 568.12 904.29 588.50 923.66 605.45 930.22 608.23 943.63 591.46 941.13 582.13 935.76 574.18
4 289.21 19.95 351.21 -15.48 351.64 -19.98 297.20 -19.98
4 956.68 658.14 953.07 631.64 937.50 636.83 950.31 666.72
10 793.96 172.91 782.88 153.63 756.51 151.75 735.88 194.80 736.12 197.80 745.34 213.48 757.76 223.26 761.42 224.43 781.18 216.04 794.77 182.07
6 581.60 24.23 549.81 32.17 540.31 65.40 540.68 65.60 545.59 65.93 581.84 24.84
6 106.23 761.65 126.17 738.39 117.59 727.96 82.75 730.51 79.88 732.04 81.32 756.41
5 595.39 211.60 618.01 213.25 626.65 200.93 596.85 162.37 590.41 171.78
5 948.69 223.94 961.88 184.35 955.63 176.35 913.77 206.58 937.10 226.12
7 183.34 939.68 194.33 905.47 191.24 903.18 177.76 904.56 161.91 919.61 168.50 929.50 179.91 940.91
7 300.85 512.30 351.30 523.51 359.34 496.03 348.70 483.70 311.10 496.91 300.65 511.20 300.77 512.13
5 184.78 644.80 166.06 615.38 158.96 620.00 161.59 637.06 181.68 650.87
8 802.27 672.91 801.88 672.70 779.50 673.67 761.07 680.08 761.96 693.45 768.48 699.54 787.69 697.24 804.09 687.09
7 242.88 401.62 250.80 425.40 275.17 421.17 285.93 415.79 289.49 401.54 273.62 392.16 243.65 395.69
4 -19.96 250.05 -19.96 278.23 11.01 290.03 24.65 275.15
7 961.11 496.95 957.19 513.22 961.25 524.25 961.37 524.46 975.11 526.55 1002.54 491.50 974.75 491.50
7 348.06 447.25 348.70 483.70 359.34 496.03 377.69 497.13 393.21 453.15 391.17 448.23 371.66 439.25
5 920.62 631.21 937.50 636.83 953.07 631.64 954.12 627.27 930.44 612.80
6 507.65 818.74 508.67 819.09 531.03 807.60 503.38 767.65 498.68 770.85 491.54 783.84
6 259.57 821.57 260.06 823.21 272.11 825.36 280.75 806.17 270.14 799.09 260.99 803.10
5 420.78 619.01 397.06 590.98 388.86 594.56 384.13 615.24 403.58 638.23
7 724.72 717.10 738.36 714.46 745.96 702.59 701.07 668.93 684.90 680.18 714.92 711.36 721.00 716.57
4 353.05 558.26 347.80 532.02 314.55 550.16 341.63 567.08
7 331.85 241.69 330.94 244.33 333.03 258.36 362.82 283.18 376.39 274.02 358.61 230.54 357.86 229.81
6 585.94 793.56 592.37 793.68 608.23 792.63 597.11 723.70 572.51 721.04 569.32 739.54
6 205.06 598.38 231.28 607.68 235.66 606.58 240.82 582.51 214.22 566.79 207.23 570.88
5 48.79 995.87 4.09 985.56 -19.96 994.30 -19.96 1018.98 59.24 1018.98
7 241.09 380.05 237.57 369.78 209.94 336.63 207.83 337.51 212.27 377.39 214.80 381.09 239.76 385.57
6 60.50 603.03 85.63 576.50 86.49 566.67 67.01 547.63 50.50 554.91 50.50 590.73
6 867.65 59.75 910.55 64.15 930.95 56.05 930.48 49.86 888.72 18.54 847.76 37.56
7 307.84 758.26 332.40 752.80 328.21 738.63 325.60 737.50 307.83 737.50 292.22 743.89 291.57 745.69
6 374.61 428.45 403.09 414.20 406.56 403.10 401.11 398.64 390.11 402.49 375.05 419.87
6 930.68 798.28 932.23 799.74 949.43 805.48 959.03 791.37 954.42 771.77 939.05 764.82
6 283.82 946.62 294.89 937.66 289.13 916.23 259.96 913.69 253.02 919.61 251.63 934.55
5 589.51 474.94 593.96 455.29 553.87 439.25 529.14 485.17 565.73 495.84
6 611.69 275.04 622.33 280.48 653.40 263.11 649.27 246.57 620.50 223.37 616.19 233.08
5 230.19 311.65 209.94 336.63 237.57 369.78 242.96 339.23 235.45 315.63
6 400.62 346.90 423.08 374.97 438.90 378.81 452.69 373.57 447.81 360.95 430.00 345.57
5 892.16 312.47 900.35 298.14 885.30 272.56 870.34 294.32 879.70 314.47
7 309.82 839.03 310.91 868.56 328.28 876.94 351.18 878.71 358.72 874.26 333.80 825.61 319.56 828.67
7 216.63 859.88 188.17 875.53 191.24 903.18 194.33 905.47 207.76 908.03 235.59 872.24 217.48 859.95
5 19.37 231.42 37.59 212.71 33.00 202.09 -19.96 187.65 -19.96 237.32
6 497.44 628.39 526.50 640.50 540.60 640.50 545.45 637.23 545.74 633.12 511.15 615.82
7 66.55 544.99 67.01 547.63 86.49 566.67 123.91 547.21 135.05 524.55 110.20 507.63 77.11 506.25
7 165.85 398.26 179.41 387.61 175.21 365.42 156.34 356.48 142.08 362.78 137.08 379.86 159.33 397.67
6 292.22 743.89 307.83 737.50 315.91 713.27 315.64 708.22 287.46 709.08 286.34 709.54
