100
405 599
324 309
305 385
122 254
788 62
468 135
411 468
273 866
43 987
904 705
533 977
384 706
569 139
395 293
785 323
883 108
303 525
609 667
553 862
646 840
193 717
919 6
531 666
93 340
453 105
442 991
776 252
335 463
392 770
866 717
569 749
378 563
851 605
316 537
616 46
753 197
456 705
735 476
811 61
686 583
674 998
579 1
381 646
779 214
695 553
901 496
819 601
794 4
747 463
652 242
869 333
326 430
154 209
606 393
70 338
19 306
55 949
703 453
95 678
125 543
478 630
547 80
662 810
650 759
33 448
825 512
578 331
402 25
912 237
286 447
759 442
498 12
34 76
285 950
992 783
779 832
71 594
879 3
391 767
811 812
146 151
799 323
606 433
602 618
564 676
560 147
744 255
441 315
871 970
978 72
657 101
875 128
735 727
166 506
37 724
213 954
266 127
118 257
126 629
749 948
