1 : 92 184 193 
2 : 21 30 31 42 52 63 71 113 132 172 
3 : 21 108 110 112 164 177 183 186 197 
4 : 2 73 104 162 
5 : 48 56 60 65 116 170 
6 : 14 73 79 137 141 153 193 199 
7 : 9 41 48 73 76 88 90 127 155 182 186 187 197 
8 : 2 62 90 93 135 
9 : 48 49 50 80 100 106 125 138 142 156 162 163 177 199 
10 : 19 115 127 183 195 
11 : 85 127 178 
12 : 2 22 35 64 186 
13 : 18 19 31 46 71 74 82 98 125 143 153 164 174 185 191 
14 : 11 85 110 120 127 143 
15 : 1 6 14 34 43 50 89 
16 : 7 23 39 40 55 60 89 170 
17 : 53 57 79 121 125 136 139 150 153 156 157 162 176 192 
18 : 1 2 40 77 93 141 189 195 
19 : 25 31 75 101 
20 : 3 16 44 75 85 98 133 136 162 168 175 
21 : 64 147 195 
22 : 10 29 55 82 97 100 107 130 138 150 163 164 
23 : 2 8 11 146 
24 : 78 120 140 173 190 191 
25 : 5 56 80 105 127 
26 : 8 10 14 20 22 24 30 42 44 63 67 102 123 136 165 193 
27 : 12 23 24 51 74 93 171 
28 : 11 15 50 53 88 95 115 125 148 174 
29 : 4 8 9 20 41 55 68 89 119 125 143 147 160 169 172 197 198 
30 : 83 133 137 188 
31 : 23 62 75 82 108 114 134 159 175 176 
32 : 26 93 100 128 147 151 178 
33 : 15 19 28 45 74 91 93 110 112 134 150 156 181 185 189 198 
34 : 16 37 58 59 86 92 118 150 168 173 
35 : 9 18 25 30 42 63 69 121 154 193 
36 : 21 24 33 42 88 97 109 160 163 165 171 182 
37 : 30 51 52 63 85 107 120 135 140 158 166 179 186 
38 : 3 66 97 194 
39 : 4 8 13 47 55 57 64 91 96 125 126 137 145 156 163 169 
40 : 27 35 45 53 62 80 82 93 96 105 118 136 151 178 
41 : 1 8 15 42 45 54 57 86 91 108 123 145 192 
42 : 6 48 70 73 75 107 133 136 138 143 166 
43 : 36 46 47 127 130 152 160 178 
44 : 9 53 56 96 101 107 115 163 181 183 188 
45 : 47 66 155 157 
46 : 62 65 106 178 
47 : 13 31 40 54 63 83 95 102 120 133 140 142 173 174 187 
48 : 53 54 66 94 200 
49 : 10 16 25 142 147 167 
50 : 3 6 12 20 22 30 44 93 115 118 119 131 157 158 174 181 
51 : 9 40 45 93 103 110 124 132 154 183 
52 : 14 22 28 34 38 47 56 93 95 103 117 136 168 187 196 198 
53 : 14 21 115 126 138 140 169 179 185 200 
54 : 3 6 24 72 106 113 116 126 127 133 160 187 199 
55 : 33 42 43 69 87 111 123 125 131 146 
56 : 7 10 15 39 47 52 57 65 76 127 129 138 152 158 188 194 
57 : 9 31 43 48 58 74 81 85 95 106 142 167 173 186 
58 : 15 21 72 113 146 151 169 194 
59 : 1 2 12 20 35 41 75 103 104 109 121 132 137 162 184 
60 : 6 27 42 136 139 141 154 180 
61 : 2 55 89 91 115 118 136 142 177 185 
62 : 19 20 27 39 40 68 72 84 98 104 111 139 140 156 164 
63 : 37 47 90 103 104 129 138 141 147 171 174 177 195 198 199 
64 : 79 104 106 145 173 
65 : 22 49 56 143 164 174 192 
66 : 4 32 35 46 56 62 91 98 115 120 122 125 130 158 166 193 
67 : 18 85 89 92 104 
68 : 41 43 48 51 59 72 91 96 114 150 157 170 181 194 
69 : 25 95 113 129 131 178 184 191 195 
70 : 4 9 36 42 54 73 96 114 136 170 174 
71 : 10 20 55 81 103 105 118 130 137 146 149 150 162 
72 : 111 112 157 
73 : 35 42 69 84 88 128 136 142 149 185 
74 : 25 53 60 77 92 124 131 180 182 183 188 196 
75 : 57 146 174 180 
76 : 10 11 49 89 102 107 114 119 156 162 173 200 
77 : 20 124 142 151 157 175 
78 : 58 94 101 137 158 160 178 
79 : 26 29 42 57 64 66 85 94 104 149 156 192 
80 : 1 34 45 54 58 61 67 72 73 88 109 140 144 155 160 161 184 
81 : 5 13 16 21 28 32 53 104 142 148 149 153 154 164 165 186 
82 : 93 131 158 
83 : 2 8 33 58 63 64 73 
84 : 19 25 32 50 51 63 72 79 101 121 141 155 160 174 179 200 
85 : 10 11 17 39 45 55 58 77 94 117 137 142 154 176 185 200 
86 : 12 26 49 56 81 84 85 92 94 99 116 122 125 176 
87 : 8 44 48 58 88 109 131 137 164 166 189 200 
88 : 5 7 14 18 49 51 54 57 64 73 81 119 127 163 185 
89 : 2 87 102 
90 : 4 7 19 48 70 98 110 113 134 143 149 155 157 162 198 
91 : 59 72 85 
92 : 3 76 116 186 
93 : 42 55 80 101 126 137 199 
94 : 2 54 58 66 82 159 
95 : 10 61 159 160 166 169 178 
96 : 26 49 50 60 67 72 97 123 125 130 136 157 162 175 191 
97 : 58 64 106 117 121 150 164 183 195 
98 : 5 29 65 141 178 194 199 
99 : 1 49 63 88 144 
100 : 2 75 85 92 94 117 129 141 143 170 175 185 
101 : 31 37 83 103 156 195 196 
102 : 25 38 39 42 54 121 132 151 
103 : 2 18 24 26 62 110 127 130 143 160 167 186 
104 : 6 21 39 47 81 119 132 150 152 
105 : 25 43 79 106 142 149 150 153 192 
106 : 38 80 84 85 95 115 193 195 
107 : 31 110 184 
108 : 10 27 30 48 73 107 109 112 116 123 126 139 140 154 
109 : 1 6 12 31 39 55 60 111 123 
110 : 11 12 48 52 53 56 100 102 114 138 140 162 179 197 
111 : 32 33 38 79 123 134 146 155 176 190 
112 : 33 98 102 115 127 149 153 162 198 
113 : 4 19 20 26 29 31 65 86 89 100 118 142 152 153 171 
114 : 5 6 10 19 75 76 84 137 150 
115 : 14 45 80 86 110 137 143 181 191 
116 : 90 124 189 
117 : 69 90 154 192 200 
118 : 70 84 93 155 188 190 200 
119 : 22 27 70 81 126 131 136 152 168 173 180 191 195 200 
120 : 4 20 41 63 100 130 131 143 144 149 158 167 181 186 199 
121 : 5 45 61 197 198 
122 : 17 27 29 65 112 149 172 
123 : 1 14 26 29 53 63 119 131 162 193 197 
124 : 2 34 59 115 117 142 149 163 187 199 
125 : 57 65 71 129 130 150 184 185 198 
126 : 37 38 39 59 64 78 88 96 111 133 163 
127 : 54 82 109 161 
128 : 8 30 37 38 72 98 122 125 160 170 180 189 192 
129 : 12 40 49 55 81 122 143 175 184 
130 : 32 37 41 45 55 94 96 115 136 141 161 190 
131 : 2 3 67 71 78 79 84 124 140 182 186 
132 : 5 23 30 52 59 63 104 175 195 
133 : 5 24 38 46 47 55 73 76 102 182 
134 : 5 12 48 59 70 76 92 97 98 116 138 
135 : 2 12 15 21 28 48 55 89 113 121 141 145 159 197 198 
136 : 24 59 88 92 100 108 110 134 138 
137 : 7 8 11 27 80 88 107 130 140 161 169 197 
138 : 13 21 30 57 65 80 85 104 112 122 160 168 170 174 189 
139 : 4 22 28 45 56 60 74 81 129 140 150 158 175 196 
140 : 26 69 72 130 135 159 164 
141 : 2 31 38 41 43 54 103 
142 : 9 48 86 126 134 137 155 178 187 
143 : 19 23 32 36 64 94 98 131 132 135 139 
144 : 6 55 56 65 70 96 98 103 113 119 121 133 180 181 
145 : 20 23 29 56 59 83 87 92 108 119 126 140 173 176 
146 : 10 21 60 76 77 126 135 180 
147 : 10 11 17 39 63 69 81 103 111 121 129 132 151 178 188 196 
148 : 15 20 35 41 56 70 92 95 96 109 127 131 166 178 200 
149 : 48 52 56 73 90 129 139 148 167 168 175 188 
150 : 17 40 45 62 101 116 141 142 191 194 198 199 
151 : 37 46 60 121 186 200 
152 : 16 26 38 158 173 
153 : 20 29 115 138 141 154 171 178 
154 : 8 12 32 37 60 67 86 107 141 146 172 179 181 186 
155 : 19 130 169 190 
156 : 13 40 45 54 57 58 72 99 129 134 139 177 
157 : 3 15 16 32 41 48 49 52 80 120 124 138 142 176 190 
158 : 27 28 41 73 91 117 172 
159 : 6 7 19 45 50 92 97 113 123 133 135 142 149 188 196 
160 : 30 32 47 61 90 104 124 141 148 151 164 167 186 
161 : 2 8 51 188 
162 : 20 26 38 49 76 103 106 115 117 161 180 186 
163 : 5 48 79 87 108 155 167 192 
164 : 2 22 36 39 59 86 88 92 96 100 101 109 137 162 
165 : 20 56 97 104 117 134 147 
166 : 30 80 102 121 139 169 172 
167 : 45 49 62 74 77 114 150 169 177 
168 : 75 102 196 
169 : 46 81 82 119 124 149 150 172 181 183 187 
170 : 17 65 97 124 125 136 143 168 172 179 
171 : 8 10 19 24 33 45 55 57 62 118 123 143 147 155 158 183 
172 : 15 79 82 86 95 116 135 149 163 164 199 
173 : 2 12 22 49 52 54 95 186 
174 : 37 43 126 147 
175 : 4 28 55 73 86 98 127 128 129 131 136 142 153 163 173 
176 : 50 64 79 84 96 112 137 142 200 
177 : 13 23 128 139 
178 : 40 147 175 200 
179 : 6 12 13 20 23 27 36 83 123 130 140 145 165 194 
180 : 33 61 84 141 163 174 178 188 191 
181 : 45 46 56 160 172 
182 : 3 65 67 70 73 107 112 113 114 132 196 
183 : 13 51 60 63 73 85 96 101 119 168 
184 : 29 63 89 106 136 
185 : 7 9 17 24 91 113 115 124 134 175 
186 : 86 182 190 
187 : 8 9 22 31 51 59 70 160 167 178 
188 : 13 21 35 63 76 80 81 83 91 96 133 145 165 
189 : 10 50 67 92 108 144 169 193 
190 : 48 50 51 56 71 85 100 103 120 123 149 172 173 187 
191 : 47 80 85 89 91 98 110 176 
192 : 47 61 71 72 136 143 162 194 
193 : 27 78 84 95 100 128 134 135 167 172 175 
194 : 1 94 103 161 165 167 
195 : 24 48 56 67 84 89 101 104 112 153 157 170 180 188 194 
196 : 20 28 39 45 65 71 78 82 89 93 94 101 135 152 159 200 
197 : 6 24 42 74 78 94 117 136 149 175 192 
198 : 30 71 104 111 144 149 199 
199 : 59 63 87 88 94 109 114 198 
200 : 29 47 131 196 
