1 : 10 14 27 34 40 42 
2 : 8 13 28 29 33 43 44 
3 : 7 20 22 37 39 43 45 50 
4 : 3 12 24 27 29 48 
5 : 15 19 23 29 
6 : 10 18 19 22 28 33 35 
7 : 12 16 22 23 24 28 31 
8 : 4 13 20 25 29 44 
9 : 19 20 22 26 35 
10 : 2 4 21 30 31 
11 : 9 24 26 28 29 37 38 46 
12 : 9 11 17 19 38 44 50 
13 : 1 6 14 15 25 34 
14 : 18 31 40 41 42 50 
15 : 14 24 34 
16 : 1 15 20 46 
17 : 35 36 44 
18 : 7 17 25 
19 : 3 22 27 
20 : 9 13 17 19 24 29 40 44 
21 : 9 16 28 31 34 39 44 50 
22 : 9 13 17 32 41 42 
23 : 7 18 19 30 36 37 40 50 
24 : 7 8 15 21 22 25 29 30 
25 : 24 26 30 38 43 
26 : 1 6 7 12 29 31 34 
27 : 6 7 8 9 14 15 31 
28 : 2 5 9 12 17 19 27 31 36 
29 : 4 7 8 11 14 24 44 49 
30 : 16 17 36 
31 : 7 27 36 39 49 
32 : 13 20 39 
33 : 8 12 14 26 38 42 
34 : 7 28 36 
35 : 7 24 30 31 
36 : 7 12 13 18 23 30 37 48 
37 : 14 32 35 
38 : 5 7 10 17 20 32 33 43 
39 : 1 3 9 22 32 42 44 50 
40 : 1 8 10 11 12 23 25 32 44 
41 : 4 11 20 34 35 38 49 
42 : 9 20 24 27 30 33 41 49 
43 : 6 10 14 17 19 23 28 48 50 
44 : 20 21 22 27 39 41 46 50 
45 : 1 11 18 24 31 
46 : 7 10 18 20 23 26 33 35 
47 : 3 5 7 21 24 28 38 
48 : 5 14 21 30 36 43 
49 : 6 15 34 36 39 50 
50 : 18 21 38 
