1 : 16 20 27 30 54 77 86 
2 : 5 39 47 57 59 66 67 90 93 97 
3 : 22 49 75 83 84 90 91 92 95 
4 : 13 14 21 57 65 66 71 73 
5 : 3 14 24 26 50 87 92 
6 : 26 27 28 30 39 89 
7 : 1 11 21 32 35 41 62 66 87 88 
8 : 25 27 28 39 49 50 52 61 77 83 96 98 
9 : 3 7 24 33 39 46 58 62 98 99 
10 : 3 22 35 36 49 54 59 64 79 80 93 97 
11 : 4 24 32 45 100 
12 : 8 37 84 99 
13 : 9 34 51 53 66 91 
14 : 2 22 32 51 99 
15 : 3 28 31 41 61 79 87 93 
16 : 2 37 40 57 59 72 75 
17 : 7 12 20 29 58 61 71 88 93 95 96 
18 : 3 7 8 22 25 26 45 54 82 99 
19 : 51 54 60 89 100 
20 : 49 52 63 69 95 
21 : 16 18 25 41 44 62 66 74 75 88 97 
22 : 18 20 35 55 61 64 66 74 86 98 
23 : 4 5 9 12 27 37 61 68 73 85 92 
24 : 4 5 20 
25 : 2 24 45 51 65 66 91 100 
26 : 5 19 57 70 72 
27 : 10 11 14 16 25 33 53 91 99 
28 : 51 52 53 61 70 74 76 77 84 
29 : 2 11 14 16 31 43 44 48 56 84 
30 : 34 52 68 72 95 
31 : 28 38 40 50 58 
32 : 3 25 36 37 66 67 90 94 98 99 
33 : 10 41 44 84 85 98 
34 : 6 15 17 27 46 51 68 74 
35 : 7 18 26 29 40 43 45 59 71 83 84 87 
36 : 13 14 16 18 32 39 53 55 67 72 83 84 
37 : 1 12 17 18 27 31 58 67 86 89 
38 : 46 74 86 
39 : 35 65 84 91 
40 : 18 24 34 41 44 49 60 75 
41 : 24 63 64 80 96 
42 : 1 26 37 53 64 69 73 78 
43 : 6 8 28 42 47 54 58 62 66 93 
44 : 18 26 28 31 57 68 70 71 73 94 
45 : 19 31 67 97 
46 : 38 55 61 62 75 82 93 
47 : 5 7 17 21 29 44 66 76 80 87 
48 : 5 7 14 26 30 38 49 53 95 98 
49 : 24 27 32 38 47 51 79 96 
50 : 2 21 42 65 66 97 
51 : 15 34 45 50 75 80 90 
52 : 2 16 19 31 37 44 54 55 60 62 66 83 
53 : 5 26 34 51 
54 : 3 7 16 28 33 35 47 49 57 62 64 87 
55 : 15 85 88 
56 : 2 9 26 34 39 58 64 76 89 91 
57 : 5 36 37 52 61 66 92 93 96 97 100 
58 : 5 19 20 27 32 34 45 49 53 85 94 
59 : 3 17 39 75 87 89 
60 : 5 25 41 55 62 68 80 91 
61 : 3 8 48 51 59 60 72 73 77 83 92 
62 : 16 31 45 51 58 60 74 80 100 
63 : 2 4 5 9 13 25 39 51 59 93 
64 : 6 13 27 34 53 63 87 96 
65 : 2 3 24 25 53 
66 : 1 2 7 14 21 46 73 
67 : 30 35 52 58 
68 : 23 37 38 44 52 53 57 70 92 
69 : 20 29 30 37 51 57 99 100 
70 : 17 34 42 48 77 85 86 88 90 
71 : 4 16 72 83 
72 : 26 28 29 35 46 58 66 98 
73 : 15 60 65 72 90 
74 : 3 7 17 49 76 86 
75 : 6 9 11 19 33 42 52 57 61 77 80 
76 : 5 6 7 56 60 
77 : 7 10 11 19 52 68 70 78 85 
78 : 3 20 41 52 
79 : 7 12 24 32 38 51 63 69 71 80 92 
80 : 81 96 99 
81 : 4 8 39 42 52 71 84 
82 : 7 8 43 71 74 86 
83 : 13 15 33 51 91 97 
84 : 2 8 34 38 58 62 77 79 82 92 94 
85 : 3 23 24 77 83 97 
86 : 4 28 46 66 81 95 
87 : 2 16 40 50 51 61 89 94 98 
88 : 8 42 62 70 73 83 84 85 87 89 
89 : 20 34 44 54 
90 : 36 50 54 
91 : 7 46 57 58 63 70 78 90 100 
92 : 2 6 12 13 39 40 51 57 91 
93 : 9 18 29 83 
94 : 3 20 25 35 50 66 88 
95 : 11 27 40 58 83 84 
96 : 4 5 47 57 61 70 
97 : 10 26 40 64 67 86 99 
98 : 30 58 74 
99 : 17 30 36 38 80 83 87 
100 : 18 22 37 65 94 
